8.868585530954714580e-01
8.024628033460132759e-01
7.260983710495046983e-01
6.570009753005500164e-01
5.944790661380568997e-01
5.379069032807878292e-01
4.867182935083066431e-01
4.404009240089245547e-01
3.984912349808861221e-01
3.605697801700658567e-01
3.262570289108759347e-01
2.952095676558003645e-01
2.671166629771862810e-01
2.416971516426588973e-01
2.186966266389892277e-01
1.978848909811973256e-01
1.790536538237539055e-01
1.620144458157899703e-01
1.465967328364863043e-01
1.326462092322736319e-01
1.200232534739881507e-01
1.086015307776789368e-01
9.826672870362780643e-02
8.891541307903068347e-02
8.045399279403092629e-02
7.279778311043465233e-02
6.587015810838747765e-02
5.960178378841374247e-02
5.392992415344579488e-02
4.879781332587902060e-02
4.415408741558913414e-02
3.995227045285572320e-02
3.615030924123632805e-02
3.271015247504176215e-02
2.959736990907933796e-02
2.678080776918656536e-02
2.423227695478813448e-02
2.192627091290277538e-02
1.983971035998791099e-02
1.795171229671273933e-02
1.624338100388194456e-02
1.469761892772688573e-02
1.329895556184084587e-02
1.203339261315103902e-02
1.088826390229657125e-02
9.852108596248172409e-03
8.914556504439074408e-03
8.066224290412324707e-03
7.298621560235623446e-03
6.604065887785190957e-03
5.975605926442911255e-03
5.406951837682978657e-03
4.892412340253855102e-03
4.426837749922562723e-03
4.005568439704049362e-03
3.624388204748141273e-03
3.279482065144292968e-03
2.967398084320399618e-03
2.685012820901321387e-03
2.429500068257801123e-03
