8.267134784200182995e-01
7.480412892690962989e-01
6.768557487665394223e-01
6.124444080967117454e-01
5.541626169127902291e-01
5.014270714594196710e-01
4.537099766726738204e-01
4.105337638296576164e-01
3.714663108802118141e-01
3.361166176241939252e-01
3.041308924500555899e-01
2.751890114694803269e-01
2.490013146099126495e-01
2.253057065991930508e-01
2.038650338279812679e-01
1.844647108367241939e-01
1.669105726722514005e-01
1.510269316196632960e-01
1.366548188606296066e-01
1.236503934600238219e-01
1.118835027574984764e-01
1.012363797559140688e-01
9.160246446964917522e-02
8.288533743644807550e-02
7.499775471903494251e-02
6.786077473846578723e-02
6.140296820027325159e-02
5.555970320607937774e-02
5.027249839583307345e-02
4.548843764670251755e-02
4.115964047073206178e-02
3.724278281082558234e-02
3.369866343902144096e-02
3.049181161742694351e-02
2.759013209515146642e-02
2.496458388824792859e-02
2.258888962778436704e-02
2.043927256710367096e-02
1.849421861615130336e-02
1.673426102123092354e-02
1.514178553519039509e-02
1.370085412811591040e-02
1.239704547417171988e-02
1.121731061812392127e-02
1.014984237701059902e-02
9.183957169886238295e-03
8.309988092952698413e-03
7.519188169936890515e-03
6.803642809412224247e-03
6.156190592907481544e-03
5.570351601023670364e-03
5.040262560222728665e-03
4.560618161215250141e-03
4.126617961641911025e-03
3.733918341632882273e-03
3.378589031400210975e-03
3.057073775776778749e-03
2.766154742019303042e-03
2.502920314656670569e-03
2.264735955063694288e-03
