1.099787952438373129e+00
9.951292912713921579e-01
9.004302185259608349e-01
8.147429540525853442e-01
7.372099109079317536e-01
6.670551123364527601e-01
6.035764255342028761e-01
5.461385344677417431e-01
4.941665814177343408e-01
4.471404136096794879e-01
4.045893773501135215e-01
3.660876075662531925e-01
3.312497656052101336e-01
2.997271826352351787e-01
2.712043700508586785e-01
2.453958619568879507e-01
2.220433581297792391e-01
2.009131388621832881e-01
1.817937258175581772e-01
1.644937654838964924e-01
1.488401140434615633e-01
1.346761044912634930e-01
1.218599786590159745e-01
1.102634684517411201e-01
9.977051209756293559e-02
9.027609256248433911e-02
8.168518650461360775e-02
7.391181324862038104e-02
6.687817426223768846e-02
6.051387452240210990e-02
5.475521797820238207e-02
4.954457005939279235e-02
4.482978085024268144e-02
4.056366315565148456e-02
3.670352023584007306e-02
3.321071848302813850e-02
3.005030076330229838e-02
2.719063655387047099e-02
2.460310537415833984e-02
2.226181034242007140e-02
2.014331899104160675e-02
1.822642874652878955e-02
1.649195472702550194e-02
1.492253773356769925e-02
1.350247051338557096e-02
1.221754055643848105e-02
1.105488785183740899e-02
1.000287618053366176e-02
9.050976656127474040e-03
8.189662348234131098e-03
7.410312933762486232e-03
6.705128421824121075e-03
6.067051088802868225e-03
5.489694842284642030e-03
4.967281306898161004e-03
4.494581992392021955e-03
4.066865965146913148e-03
3.679852499401854889e-03
3.329668234311944884e-03
3.012808408051174079e-03
