1.003592611878933338e+00
9.080881476924989038e-01
8.216721349071378633e-01
7.434796930214693234e-01
6.727282457957141082e-01
6.087096889656543608e-01
5.507833032971546361e-01
4.983693420527142148e-01
4.509432286912579135e-01
4.080303067297970099e-01
3.692010892218102192e-01
3.340669603075266392e-01
3.022762858157837518e-01
2.735108939910536052e-01
2.474828911235719409e-01
2.239317802123274026e-01
2.026218538235182998e-01
1.833398350513318620e-01
1.658927429709858847e-01
1.501059612207699401e-01
1.358214903828073583e-01
1.228963666717753089e-01
1.112012311052897190e-01
1.006190348357303699e-01
9.104386768603255076e-02
8.237989816503724083e-02
7.454041435371758229e-02
6.744695606314839165e-02
6.102852957856398641e-02
5.522089713039902287e-02
4.996593398109960144e-02
4.521104669321336644e-02
4.090864675659039440e-02
3.701567430657837915e-02
3.349316716642438546e-02
3.030587090071423101e-02
2.742188597713338116e-02
2.481234850522584870e-02
2.245114135687695939e-02
2.031463277731689748e-02
1.838143987057610368e-02
1.663221459227531493e-02
1.504945010789440936e-02
1.361730557848817545e-02
1.232144762024590424e-02
1.114890685116862526e-02
1.008794808913483255e-02
9.127952902253558265e-03
8.259313336028948488e-03
7.473335753722405023e-03
6.762153827514004283e-03
6.118649809649750332e-03
5.536383295629696694e-03
5.009526766474989637e-03
4.532807264959260070e-03
4.101453622080379093e-03
3.711148705597442071e-03
3.357986212720283966e-03
3.038431574518170308e-03
2.749286580765957985e-03
