9.816275678002857052e-01
8.882133539213292739e-01
8.036886778272355203e-01
7.272075881499300287e-01
6.580046364377402091e-01
5.953872162900151199e-01
5.387286315194745878e-01
4.874618239661272501e-01
4.410736981886100305e-01
3.990999862325539937e-01
3.611206010808512001e-01
3.267554322815910961e-01
2.956605416748986914e-01
2.675247211442286499e-01
2.420663779409338856e-01
2.190307164093914238e-01
1.981871879064402153e-01
1.793271833930708548e-01
1.622619456050472808e-01
1.468206799067622859e-01
1.328488449211188971e-01
1.202066058274847971e-01
1.087674348478076813e-01
9.841684491408474178e-02
8.905124384330589948e-02
8.057689755206758064e-02
7.290899193436084502e-02
6.597078401349167065e-02
5.969283387257574847e-02
5.401230967651091119e-02
4.887235882985282304e-02
4.422153897693095054e-02
4.001330314946275474e-02
3.620553390885000028e-02
3.276012182069721473e-02
2.964258404278318285e-02
2.682171920918586389e-02
2.426929515652523350e-02
2.195976636698291143e-02
1.987001830017372239e-02
1.797913605505646259e-02
1.626819504657451079e-02
1.472007160204786939e-02
1.331927158170144974e-02
1.205177530810646637e-02
1.090489725253658906e-02
9.867159073932631197e-03
8.928174739807295812e-03
8.078546579341103553e-03
7.309771228334240034e-03
6.614154524679500928e-03
5.984734502601855334e-03
5.415211714964987023e-03
4.899886186286997979e-03
4.433600365469993025e-03
4.011687507295157162e-03
3.629924966068062871e-03
3.284491933961295081e-03
2.971931201085471763e-03
2.689114554570687810e-03
