9.328252254994645609e-01
8.440551685197472676e-01
7.637326993633147820e-01
6.910539237615356267e-01
6.252914481000066971e-01
5.657870994187762514e-01
5.119453381961402982e-01
4.632272979889416331e-01
4.191453922760880468e-01
3.792584345287648984e-01
3.431672226673677106e-01
3.105105437129121460e-01
2.809615586461333692e-01
2.542245312927262080e-01
2.300318684963123528e-01
2.081414419561907203e-01
1.883341649259211437e-01
1.704117995195290058e-01
1.541949726801122300e-01
1.395213809539980754e-01
1.262441661032271401e-01
1.142304452989468394e-01
1.033599811853969791e-01
9.352397850403994239e-02
8.462399523404609547e-02
7.657095735146163262e-02
6.928426734643811091e-02
6.269099757626420133e-02
5.672516038100549468e-02
5.132704765682471332e-02
4.644263327720993956e-02
4.202303238134157126e-02
3.802401211797463293e-02
3.440554894819619625e-02
3.113142807639567022e-02
2.816888100041805079e-02
2.548825755338046326e-02
2.306272915483631794e-02
2.086802030132474395e-02
1.888216560897266680e-02
1.708528997655022613e-02
1.545940966877735849e-02
1.398825232905665655e-02
1.265709412025912799e-02
1.145261236361339030e-02
1.036275220085865027e-02
9.376605945171393938e-03
8.484303913369515768e-03
7.676915646805656211e-03
6.946360532335491174e-03
6.285326928825341226e-03
5.687198989790206473e-03
5.145990449778489219e-03
4.656284711815272641e-03
4.213180636279244100e-03
3.812243488650014864e-03
3.449460555194476443e-03
3.121200982379058499e-03
2.824179438067166321e-03
2.555423230810943084e-03
