1.157891569462609738e+00
1.047703618078152710e+00
9.480014366487687916e-01
8.577871722316522396e-01
7.761579301464551772e-01
7.022967375018531744e-01
6.354643666562548310e-01
5.749919367791019864e-01
5.202742194666983844e-01
4.707635814129214613e-01
4.259645035110291578e-01
3.854286215318890041e-01
3.487502387440734597e-01
3.155622655646119767e-01
2.855325456030612385e-01
2.583605313287088978e-01
2.337742760898675887e-01
2.115277123803812886e-01
1.913981891133173241e-01
1.731842432540523502e-01
1.567035835105083097e-01
1.417912659006306808e-01
1.282980429375768505e-01
1.160888699107037042e-01
1.050415533127135453e-01
9.504552788596233592e-02
8.600075004819894564e-02
7.781669662276825827e-02
7.041145885223319689e-02
6.371092262799989137e-02
5.764802673140823758e-02
5.216209166251539742e-02
4.719821233926548704e-02
4.270670858897394201e-02
3.864262793246131533e-02
3.496529568453256298e-02
3.163790786805632110e-02
2.862716286739164576e-02
2.590292813462555591e-02
2.343793861290560318e-02
2.120752385858683253e-02
1.918936113113970873e-02
1.736325197966005762e-02
1.571092008998337813e-02
1.421582836918983822e-02
1.286301343682008311e-02
1.163893586633413073e-02
1.053134467797990463e-02
9.529154726870076031e-03
8.622335759126282737e-03
7.801812025726952669e-03
7.059371449360671985e-03
6.387583435196281419e-03
5.779724502992265867e-03
5.229710996246693042e-03
4.732038194918125953e-03
4.281725222337257226e-03
3.874265194919089984e-03
3.505580115757171104e-03
3.171980060659920688e-03
