9.979523138829281548e-01
9.029845950168401414e-01
8.170542494812842449e-01
7.393012574959541006e-01
6.689474409833772173e-01
6.052886753011614829e-01
5.476878421259091523e-01
4.955684529588939014e-01
4.484088794354004759e-01
4.057371326927255994e-01
3.671261395469994082e-01
3.321894682012162536e-01
3.005774607059270020e-01
2.719737334649561245e-01
2.460920107620311326e-01
2.226732596171938916e-01
2.014830972976726087e-01
1.823094455367140765e-01
1.649604079830077896e-01
1.492623496375032333e-01
1.350581590559790934e-01
1.222056759249020574e-01
1.105762682732276125e-01
1.000535450803988480e-01
9.053219139589258058e-02
8.191691431179677629e-02
7.412148923935914235e-02
6.706789694432187254e-02
6.068554270420201818e-02
5.491054977258111314e-02
4.968512007915736051e-02
4.495695576723135467e-02
4.067873577917845845e-02
3.680764225139884077e-02
3.330493197874701689e-02
3.013554865951272727e-02
2.726777204017051190e-02
2.467290044842101321e-02
2.232496353720753862e-02
2.020046236475381285e-02
1.827813420925641918e-02
1.653873976441831706e-02
1.496487058600492678e-02
1.354077486228297961e-02
1.225219976459435145e-02
1.108624880025634897e-02
1.003125274012820270e-02
9.076652829043751342e-03
8.212895110240732779e-03
7.431334806150383804e-03
6.724149798557873918e-03
6.084262342214120760e-03
5.505268228382446428e-03
4.981372689364971761e-03
4.507332402519846626e-03
4.078403013325879005e-03
3.690291652287863104e-03
3.339113970455806317e-03
3.021355263555031406e-03
2.733835295644491958e-03
