9.199131936239587359e-01
8.323718789359164649e-01
7.531612217821150868e-01
6.814884552821377506e-01
6.166362542988039763e-01
5.579555562070951380e-01
5.048590648572456319e-01
4.568153727174792400e-01
4.133436423688184314e-01
3.740087941225807011e-01
3.384171515966187815e-01
3.062125016697683777e-01
2.770725293812051349e-01
2.507055920939822991e-01
2.268478006374953782e-01
2.052603782159674595e-01
1.857272706500205095e-01
1.680529840338303715e-01
1.520606281664094450e-01
1.375901461750200228e-01
1.244967126121954010e-01
1.126492839939837454e-01
1.019292872727158017e-01
9.222943311808974587e-02
8.345264212949254912e-02
7.551107323272900074e-02
6.832524453702676359e-02
6.182323785355884477e-02
5.593997891403717365e-02
5.061658608556341560e-02
4.579978106345609923e-02
4.144135564406984523e-02
3.749768924089010025e-02
3.392931231504176665e-02
3.070051135087807637e-02
2.777897142311220452e-02
2.513545277818354795e-02
2.274349819297638228e-02
2.057916818203826478e-02
1.862080140316327639e-02
1.684879786339863600e-02
1.524542275572740579e-02
1.379462896315905227e-02
1.248189645378890850e-02
1.129408695943855123e-02
1.021931248345198107e-02
9.246816321629335728e-03
8.366865405515861581e-03
7.570652890581359290e-03
6.850210014360113599e-03
6.198326342397681051e-03
5.608477603799387826e-03
5.074760394134344293e-03
4.591833092179666703e-03
4.154862399179927446e-03
3.759474965568660246e-03
3.401713621015972373e-03
3.077997769737847965e-03
2.785087554690034682e-03
2.520051431989816463e-03
