1.012953494830604484e+00
9.165582248530258491e-01
8.293361776556343878e-01
7.504144056737360735e-01
6.790030332868125518e-01
6.143873514778241951e-01
5.559206647851459016e-01
5.030178189570256864e-01
4.551493445311548536e-01
4.118361577263295326e-01
3.726447656109422857e-01
3.371829275600202735e-01
3.050957295792147139e-01
2.760620322062540266e-01
2.497912564392668067e-01
2.260204755244644703e-01
2.045117834968162296e-01
1.850499141371883260e-01
1.674400865156695228e-01
1.515060555585560909e-01
1.370883481284165539e-01
1.240426669633311746e-01
1.122384465013950144e-01
1.015575461366894222e-01
9.189306782838990717e-02
8.314828622924365364e-02
7.523568062578374349e-02
6.807605900161223245e-02
6.159776545708244011e-02
5.573596305297109227e-02
5.043198490059801892e-02
4.563274700388560839e-02
4.129021697688402270e-02
3.736093331950827295e-02
3.380557044023752011e-02
3.058854507237728990e-02
2.767766014476643471e-02
2.504378254266723808e-02
2.266055153376106412e-02
2.050411494107916635e-02
1.855289042239861852e-02
1.678734946690724206e-02
1.518982194730369301e-02
1.374431927122423021e-02
1.243637436203640957e-02
1.125289686747363120e-02
1.018204214698977157e-02
9.213092726615548095e-03
8.336351034876687133e-03
7.543042346239223726e-03
6.825226960707007212e-03
6.175720740635545075e-03
5.588023209467792192e-03
5.056252492779850574e-03
4.575086450504806113e-03
4.139709411166073508e-03
3.745763975018670446e-03
3.389307403728007446e-03
3.066772160119410080e-03
2.774930203067010794e-03
