9.729114479346953059e-01
8.803266825268565299e-01
7.965525224457628006e-01
7.207505277398548182e-01
6.521620465681854384e-01
5.901006223578041388e-01
5.339451235156482678e-01
4.831335269347907246e-01
4.371572930782827715e-01
3.955562763445426011e-01
3.579141197755145165e-01
3.238540880162896762e-01
2.930352968210499509e-01
2.651493013689599221e-01
2.399170092447281688e-01
2.170858871879093321e-01
1.964274336551534716e-01
1.777348918999587524e-01
1.608211806816590983e-01
1.455170218934869475e-01
1.316692463703849625e-01
1.191392609205197406e-01
1.078016612380355843e-01
9.754297681461128466e-02
8.826053528847435659e-02
7.986143486489485910e-02
7.226161452379840922e-02
6.538501270882354777e-02
5.916280607770028899e-02
5.353272069510850439e-02
4.843840877420217683e-02
4.382888472901946136e-02
3.965801489360167020e-02
3.588405580075815227e-02
3.246923639941630413e-02
2.937938002924705971e-02
2.658356236916114071e-02
2.405380193630965793e-02
2.176478003799879601e-02
1.969358737370342435e-02
1.781949475108738842e-02
1.612374562127923822e-02
1.458936835702691684e-02
1.320100639494777017e-02
1.194476454188072613e-02
1.080806990712284039e-02
9.779546068713177581e-03
8.848899214378154465e-03
8.006815117598356860e-03
7.244865917698987620e-03
6.555425770987477127e-03
5.931594528746694968e-03
5.367128678227385367e-03
4.856378855474017750e-03
4.394233304591539484e-03
3.976066717574232995e-03
3.597693942668580246e-03
3.255328097967850453e-03
2.945542671025139312e-03
2.665237225165132187e-03
