9.860183340502104432e-01
8.921862835181106899e-01
8.072835331856258456e-01
7.304603477906286280e-01
6.609478550725214063e-01
5.980503506402259362e-01
5.411383351288022725e-01
4.896422139582232158e-01
4.430465966393695720e-01
4.008851385727864036e-01
3.627358737151879509e-01
3.282169914014684831e-01
2.969830150552354997e-01
2.687213445431138603e-01
2.431491275675425889e-01
2.200104287859114549e-01
1.990736683236284665e-01
1.801293040448989358e-01
1.629877343846007076e-01
1.474774007520928687e-01
1.334430705151782304e-01
1.207442833797443271e-01
1.092539456159300898e-01
9.885705806135930418e-02
8.944956517087131187e-02
8.093731359365051448e-02
7.323510985484549263e-02
6.626586771063824877e-02
5.995983664320636564e-02
5.425390377409676501e-02
4.909096220932513549e-02
4.441933949438661711e-02
4.019228045896350993e-02
3.636747927546568615e-02
3.290665604808864358e-02
2.977517369474993320e-02
2.694169128752974679e-02
2.437785038213031996e-02
2.205799119703372863e-02
1.995889580178392478e-02
1.805955574413492526e-02
1.634096179039952121e-02
1.478591367464937578e-02
1.337884795267233438e-02
1.210568223779171296e-02
1.095367425960723333e-02
9.911294335069955469e-03
8.968109975539133999e-03
8.114681474929358318e-03
7.342467433959315622e-03
6.643739274956867238e-03
6.011503891656066328e-03
5.439433659839199367e-03
4.921803108346788774e-03
4.453431616637869989e-03
4.029631565398321576e-03
3.646161421271217323e-03
3.299183286165373753e-03
2.985224486281267721e-03
2.701142816424467220e-03
