8.683210972555868157e-01
7.856894196668964270e-01
7.109211858695660968e-01
6.432680902492807773e-01
5.820530378860817589e-01
5.266633679608287988e-01
4.765447220397988071e-01
4.311954958691555650e-01
3.901618191509820255e-01
3.530330130567875258e-01
3.194374800157588901e-01
2.890389846413726760e-01
2.615332885746349811e-01
2.366451055643263024e-01
2.141253463096720877e-01
1.937486254908994121e-01
1.753110060372015111e-01
1.586279580559878943e-01
1.435325119956966100e-01
1.298735875584015043e-01
1.175144816374111695e-01
1.063315001466292736e-01
9.621272004856629145e-02
8.705686919096131127e-02
7.877231274104372349e-02
7.127613607332713985e-02
6.449331493216904632e-02
5.835596456380382629e-02
5.280266030291019819e-02
4.777782281391512037e-02
4.323116183432253873e-02
3.911717285286311907e-02
3.539468168505099238e-02
3.202643238810620047e-02
2.897871439095724491e-02
2.622102510751526949e-02
2.372576465654018321e-02
2.146795963275264021e-02
1.942501316460010577e-02
1.757647875717128355e-02
1.590385565680276295e-02
1.439040368931799457e-02
1.302097571873764292e-02
1.178186604965149667e-02
1.066067325601218613e-02
9.646176063495074879e-03
8.728221043213154826e-03
7.897620992788123573e-03
7.146062987740993931e-03
6.466025182949898531e-03
5.850701531495880979e-03
5.293933667457764204e-03
4.790149270916123359e-03
4.334306298302577527e-03
3.921842519933102685e-03
3.548629859679912086e-03
3.210933079798079185e-03
2.905372397410746488e-03
2.628889658506084002e-03
2.378717730904081860e-03
