1.147216312781720315e+00
1.038044246386145453e+00
9.392612757071233665e-01
8.498787475719951079e-01
7.690020915966792048e-01
6.958218670245915893e-01
6.296056615714922255e-01
5.696907611971712138e-01
5.154775174405887839e-01
4.664233459365286771e-01
4.220372960489018888e-01
3.818751372717661408e-01
3.455349132211125163e-01
3.126529187202708449e-01
2.829000597162565911e-01
2.559785595958764537e-01
2.316189789372968266e-01
2.095775188697489022e-01
1.896335810524862331e-01
1.715875598524445045e-01
1.552588446239765996e-01
1.404840120968051664e-01
1.271151907810056936e-01
1.150185810194335884e-01
1.040731158757841196e-01
9.416924945600176067e-02
8.520786053615282685e-02
7.709926052390064788e-02
6.976229582492803061e-02
6.312353563048868355e-02
5.711653699719229649e-02
5.168117986369483163e-02
4.676306534891765815e-02
4.231297130976149207e-02
3.828635970935422017e-02
3.464293086540808086e-02
3.134622011745409609e-02
2.836323287626400791e-02
2.566411440291136922e-02
2.322185101250980738e-02
2.101199971217511397e-02
1.901244356733684457e-02
1.720317034802346448e-02
1.556607223973833706e-02
1.408476461436605591e-02
1.274442204730723283e-02
1.153162993964602923e-02
1.043425026033548489e-02
9.441300064702994391e-03
8.542841573448598305e-03
7.729882712009486512e-03
6.994287114855461153e-03
6.328692694007998117e-03
5.726437956789235534e-03
5.181495335364289662e-03
4.688410860816394354e-03
4.242249577992854986e-03
3.838546154815194924e-03
3.473260191734839526e-03
3.142735784056435461e-03
