9.809673567687164919e-01
8.876159702761653447e-01
8.031481427521685035e-01
7.267184917882484330e-01
6.575620837486654269e-01
5.949867780574878973e-01
5.383663000230718421e-01
4.871339728704490168e-01
4.407770462496962693e-01
3.988315644580919250e-01
3.608777230155023052e-01
3.265356671200432270e-01
2.954616899335494873e-01
2.673447926480142511e-01
2.419035719049881517e-01
2.188834034161856179e-01
1.980538935980247217e-01
1.792065737152053195e-01
1.621528134555372536e-01
1.467219330543749201e-01
1.327594950741655400e-01
1.201257587426656226e-01
1.086942813803241648e-01
9.835065291944657118e-02
8.899135084978285204e-02
8.052270413044973485e-02
7.285995569866962618e-02
6.592641419259862023e-02
5.965268639840016346e-02
5.397598273963721133e-02
4.883948885808687274e-02
4.419179699654732923e-02
3.998639149272516236e-02
3.618118323485249033e-02
3.273808841970986955e-02
2.962264739712324249e-02
2.680367978620262770e-02
2.425297241161022271e-02
2.194499693661875264e-02
1.985665436693715563e-02
1.796704386821188285e-02
1.625725358345165086e-02
1.471017135680624706e-02
1.331031346935909743e-02
1.204366967286413584e-02
1.089756297047237733e-02
9.860522741086501231e-03
8.922169937529577169e-03
8.073113209552316288e-03
7.304854912043319722e-03
6.609706057740576124e-03
5.980709363262620357e-03
5.411569618278038764e-03
4.896590680924541722e-03
4.430618468906705014e-03
4.008989375707981348e-03
3.627483595649201326e-03
3.282282890655022906e-03
2.969932376043895022e-03
2.687305942880961751e-03
