1.012691855660903695e+00
9.163214839422566538e-01
8.291219656211905598e-01
7.502205786095776929e-01
6.788276513065339968e-01
6.142286592996188954e-01
5.557770741643561774e-01
5.028878927904560925e-01
4.550317824740607309e-01
4.117297831781294715e-01
3.725485139394041911e-01
3.370958354460641404e-01
3.050169253756913612e-01
2.759907272142075318e-01
2.497267370143703702e-01
2.259620959346280433e-01
2.044589594594826143e-01
1.850021169716371539e-01
1.673968378518027600e-01
1.514669225492093763e-01
1.370529391172793099e-01
1.240106275651185475e-01
1.122094560550408598e-01
1.015313144960626329e-01
9.186933245841430451e-02
8.312680957835880124e-02
7.521624774844903882e-02
6.805847540705968479e-02
6.158185516278772559e-02
5.572156682336126821e-02
5.041895865336841476e-02
4.562096036797567283e-02
4.127955198767994938e-02
3.735128323821348267e-02
3.379683868559489601e-02
3.058064425405153733e-02
2.767051118871219004e-02
2.503731389972946308e-02
2.265469846358705158e-02
2.049881886417532703e-02
1.854809833384723008e-02
1.678301340587540214e-02
1.518589851703519913e-02
1.374076920471024171e-02
1.243316212901803518e-02
1.124999031884315638e-02
1.017941219303157736e-02
9.210713045866460516e-03
8.334197810691933508e-03
7.541094028427439144e-03
6.823464049848678575e-03
6.174125592926267038e-03
5.586579860133143033e-03
5.054946496294563003e-03
4.573904736017094658e-03
4.138640151680157003e-03
3.744796469026223130e-03
3.388431968103866945e-03
3.065980033209606340e-03
2.774213456999186957e-03
