1.183810992860429456e+00
1.071156482222416662e+00
9.692224656866127441e-01
8.769887533543211378e-01
7.935322392316990214e-01
7.180176624747038883e-01
6.496892478178261099e-01
5.878631415212064448e-01
5.319205671325563101e-01
4.813016325644455251e-01
4.354997265061050782e-01
3.940564480871506237e-01
3.565570190475984558e-01
3.226261324976275047e-01
2.919241967200806309e-01
2.641439364224193453e-01
2.390073174223165953e-01
2.162627639881098962e-01
1.956826409843215042e-01
1.770609756227110865e-01
1.602113960173819074e-01
1.449652659123044363e-01
1.311699969129858645e-01
1.186875213305308846e-01
1.073929103538054514e-01
9.717312371990462216e-02
8.792587836920734423e-02
7.955862476213740320e-02
7.198762061226414433e-02
6.513709276535331605e-02
5.893847883617110012e-02
5.332974101308809306e-02
4.825474516280905263e-02
4.366269902109934375e-02
3.950764384673274843e-02
3.574799445096193962e-02
3.234612299897220850e-02
2.926798241786357502e-02
2.648276564210154047e-02
2.396259728605057773e-02
2.168225465774550539e-02
1.961891532171259125e-02
1.775192868436455129e-02
1.606260931591891455e-02
1.453404994033641665e-02
1.315095222161969876e-02
1.189947365292462651e-02
1.076708901609925266e-02
9.742465025090582889e-03
8.815346898608605875e-03
7.976455726828318368e-03
7.217395604941474231e-03
6.530569604119327437e-03
5.909103738895448918e-03
5.346778170008794316e-03
4.837964954161793132e-03
4.377571717672213564e-03
3.960990690285767953e-03
3.584052589062644914e-03
3.242984890792541264e-03
