9.515076087578642206e-01
8.609596879500358568e-01
7.790285410777558761e-01
7.048941736851170869e-01
6.378146241058326726e-01
5.771185376614976770e-01
5.221984475183182317e-01
4.725046949548615816e-01
4.275399281928256578e-01
3.868541247332759059e-01
3.500400873802184676e-01
3.167293688741985025e-01
2.865885843482887663e-01
2.593160747002865030e-01
2.346388874870272145e-01
2.123100451245917841e-01
1.921060730536336691e-01
1.738247631308772745e-01
1.572831498620552992e-01
1.423156792217449840e-01
1.287725517330376157e-01
1.165182232240237620e-01
1.054300482561632418e-01
9.539705264751335845e-02
8.631882280581650024e-02
7.810450075551851612e-02
7.067187480061103144e-02
6.394655672234547672e-02
5.786123727693710111e-02
5.235501254202978155e-02
4.737277436977052614e-02
4.286465884594323900e-02
3.878554723515553054e-02
3.509461441736987791e-02
3.175492029638051633e-02
2.873304009091464870e-02
2.599872980818692184e-02
2.352462355185438656e-02
2.128595963492785001e-02
1.926033275648577139e-02
1.742746976189200880e-02
1.576902674225011403e-02
1.426840544239759562e-02
1.291058713998927826e-02
1.168198233307615741e-02
1.057029473180232798e-02
9.564398193003118692e-03
8.654225366024743266e-03
7.830666935295131290e-03
7.085480451232009994e-03
6.411207837037039871e-03
5.801100745756500830e-03
5.249053020556793299e-03
4.749539582254461330e-03
4.297561132466718239e-03
3.888594118952881824e-03
3.518545462383140549e-03
3.183711591424903068e-03
2.880741376156063793e-03
2.606602588830411044e-03
