1.154897314421315269e+00
1.044994304077646596e+00
9.455499479639022375e-01
8.555689735396933004e-01
7.741508209693322984e-01
7.004806300163090027e-01
6.338210846481592275e-01
5.735050337297917800e-01
5.189288139506906816e-01
4.695462081596057935e-01
4.248629786397130070e-01
3.844319206114248932e-01
3.478483864566466188e-01
3.147462358694068651e-01
2.847941714006111957e-01
2.576924227218196362e-01
2.331697464230422789e-01
2.109807113175249382e-01
1.909032420839394673e-01
1.727363966619255009e-01
1.562983551564120499e-01
1.414246001229952643e-01
1.279662700220590976e-01
1.157886693624523428e-01
1.047699206237407976e-01
9.479974446501808483e-02
8.577835601219570283e-02
7.761546617744448373e-02
7.022937801565620752e-02
6.354616907395774228e-02
5.749895155095648830e-02
5.202720286114219383e-02
4.707615990450898791e-02
4.259627097904387233e-02
3.854269985063812909e-02
3.487487701698639003e-02
3.155609367437158669e-02
2.855313432361925377e-02
2.583594433821758199e-02
2.337732916751356776e-02
2.115268216450971045e-02
1.913973831427024860e-02
1.731835139816822675e-02
1.567029236375799134e-02
1.417906688229138984e-02
1.282975026793172803e-02
1.160883810648149876e-02
1.050411109866618113e-02
9.504512765279969286e-03
8.600038790225748506e-03
7.781636893956966373e-03
7.041116235221381477e-03
6.371065434368793079e-03
5.764778397772405208e-03
5.216187200989860773e-03
4.719801358935887120e-03
4.270652875262158539e-03
3.864246520980059441e-03
3.496514844698034655e-03
3.163777464200975397e-03
