1.003138107266131174e+00
9.076768949121655217e-01
8.213000180032208331e-01
7.431429877229215331e-01
6.724235822427371279e-01
6.084340179830090012e-01
5.505338658769903804e-01
4.981436417414912277e-01
4.507390066044010268e-01
4.078455189440194917e-01
3.690338863188427077e-01
3.339156688645174009e-01
3.021393916571203375e-01
2.733870270339843755e-01
2.473708116659574796e-01
2.238303665252846519e-01
2.025300909247810255e-01
1.832568045469669393e-01
1.658176138637980912e-01
1.500379815934027861e-01
1.357599798723014284e-01
1.228407096602670417e-01
1.111508705587009871e-01
1.005734667287841444e-01
9.100263595779853332e-02
8.234259015452081998e-02
7.450665666980983703e-02
6.741641084760244262e-02
6.100089112459603641e-02
5.519588882307215755e-02
4.994330552886850488e-02
4.519057162292244162e-02
4.089012014685424606e-02
3.699891073685975668e-02
3.347799886128312308e-02
3.029214605065422977e-02
2.740946721924215901e-02
2.480111154840034318e-02
2.244097373787638794e-02
2.030543273519284583e-02
1.837311532821475288e-02
1.662468223485874183e-02
1.504263454905787299e-02
1.361113860582805098e-02
1.231586751262701840e-02
1.114385776099839111e-02
1.008337948342176785e-02
9.123819056856124002e-03
8.255572878032973669e-03
7.469951247367055507e-03
6.759091399522103825e-03
6.115878810212637372e-03
5.533875991653640879e-03
5.007258064019064030e-03
4.530754458086748773e-03
4.099596165610128531e-03
3.709468009480786869e-03
3.356465455985586412e-03
3.037055536920886100e-03
2.748041490459310864e-03
