9.523983528710834312e-01
8.617656665535717853e-01
7.797578206763715603e-01
7.055540531541548699e-01
6.384117077408116847e-01
5.776588012761236790e-01
5.226872982524352063e-01
4.729470253909249799e-01
4.279401653225119451e-01
3.872162742643033839e-01
3.503677738268163311e-01
3.170258718324634462e-01
2.868568713194852848e-01
2.595588307905966063e-01
2.348585422809959244e-01
2.125087970012256577e-01
1.922859111885168726e-01
1.739874874045093944e-01
1.574303888736603430e-01
1.424489065888398798e-01
1.288931008398915001e-01
1.166273005666159518e-01
1.055287455172005950e-01
9.548635762235761770e-02
8.639962928867234160e-02
7.817761748482636441e-02
7.073803355317316577e-02
6.400641963719427840e-02
5.791540348224500506e-02
5.240402415138539077e-02
4.741712190783364117e-02
4.290478615778051813e-02
3.882185592839110244e-02
3.512746788160940603e-02
3.178464734013655008e-02
2.875993823243270381e-02
2.602306825310808300e-02
2.354664588751586088e-02
2.130588626826689785e-02
1.927836311994642754e-02
1.744378430941199640e-02
1.578378875530452724e-02
1.428176266417476373e-02
1.292267325405426458e-02
1.169291830132080691e-02
1.058019000507253934e-02
9.573351806519697291e-03
8.662326930561176433e-03
7.837997534032329836e-03
7.092113451266033805e-03
6.417209623661658015e-03
5.806531386869523588e-03
5.253966867839780612e-03
4.753985815142622307e-03
4.301584250353228389e-03
3.892234386553766051e-03
3.521839312720084769e-03
3.186691990459180560e-03
2.883438152722956130e-03
2.609042733176217873e-03
