1.160790241881088702e+00
1.050326445345021176e+00
9.503746689008764070e-01
8.599345615750489946e-01
7.781009683754522843e-01
7.040548711961240880e-01
6.370551918087409282e-01
5.764313749026240830e-01
5.215766769418086479e-01
4.719420936718018988e-01
4.270308655004783072e-01
3.863935057611138091e-01
3.496233020987488671e-01
3.163522459562382871e-01
2.862473494209194502e-01
2.590073125696619183e-01
2.343595079579656459e-01
2.120572520728634947e-01
1.918773364414104732e-01
1.736177936852629777e-01
1.570958761632733069e-01
1.421462269716730342e-01
1.286192249966021106e-01
1.163794874557115833e-01
1.053045149417744242e-01
9.528346540744432602e-02
8.621604482079057996e-02
7.801150338891671421e-02
7.058772730353088387e-02
6.387041691835329549e-02
5.779234313328308892e-02
5.229267454296807754e-02
4.731636861565399060e-02
4.281362080902605810e-02
3.873936610960976301e-02
3.505282800696907231e-02
3.171711038868445937e-02
2.869882827165875366e-02
2.596777367398510686e-02
2.349661328331085000e-02
2.126061489586042463e-02
1.923739988822719890e-02
1.740671924458876002e-02
1.575025089775054787e-02
1.425141635573915454e-02
1.289521477868246432e-02
1.166807284536218112e-02
1.055770890685301354e-02
9.553010067652129358e-03
8.643920964085883424e-03
7.821343126850375388e-03
7.077043920472587783e-03
6.403574148327502609e-03
5.794193498574474674e-03
5.242803084850871861e-03
4.743884406567429324e-03
4.292444117899521169e-03
3.883964052703845361e-03
3.514356005193027162e-03
3.179920813798029541e-03
