9.127681942920177205e-01
8.259068161885343429e-01
7.473113910983333330e-01
6.761953095902770716e-01
6.118468180176926952e-01
5.536218950486466728e-01
5.009378060839924096e-01
4.532672710536378990e-01
4.101331872203791695e-01
3.711038541753466369e-01
3.357886532352139519e-01
3.038341379991231217e-01
2.749204969383080011e-01
2.487583526148215707e-01
2.250858654948739157e-01
2.036661133707710347e-01
1.842847201638274923e-01
1.667477103765169499e-01
1.508795677204956276e-01
1.365214784905949552e-01
1.235297421038817484e-01
1.117743328959242971e-01
1.011375987802399651e-01
9.151308374666913825e-02
8.280446241384464834e-02
7.492457597239886302e-02
6.779455987030448549e-02
6.134305450993057796e-02
5.550549105720469639e-02
5.022344521501913989e-02
4.544405249322840817e-02
4.111947912306339326e-02
3.720644332069622529e-02
3.366578210860004389e-02
3.046205935930686171e-02
2.756321113873337267e-02
2.494022479955150182e-02
2.256684861286258406e-02
2.041932903207095695e-02
1.847617295940579343e-02
1.671793263577455585e-02
1.512701100105334762e-02
1.368748557679467029e-02
1.238494910871133087e-02
1.120636537403311289e-02
1.013993871060770574e-02
9.174995961949148834e-03
8.301879656700426532e-03
7.511851353414067921e-03
6.797004183293116515e-03
6.150183715590561671e-03
5.564916353661764417e-03
5.035344545033399247e-03
4.556168157049472582e-03
4.122591431362302751e-03
3.730274986371038669e-03
3.375292387232092968e-03
3.054090848779517781e-03
2.763455678056909830e-03
2.500478100589827255e-03
