9.375039792521790982e-01
8.482886799849794768e-01
7.675633389467412249e-01
6.945200297916295229e-01
6.284277105309157285e-01
5.686249070190432242e-01
5.145130926980485686e-01
4.655506983425986012e-01
4.212476918531548042e-01
3.811606738500161184e-01
3.448884399832951031e-01
3.120679655449347112e-01
2.823707721954134553e-01
2.554996404421180922e-01
2.311856349667621435e-01
2.091854130303289760e-01
1.892787890171486187e-01
1.712665307432498785e-01
1.549683654736985217e-01
1.402211756924743036e-01
1.268773665675451412e-01
1.148033887721794932e-01
1.038784018783973639e-01
9.399306494535082657e-02
8.504844219843751829e-02
7.695501284681477427e-02
6.963177512923596213e-02
6.300543562119841068e-02
5.700967568971603699e-02
5.158448775415006710e-02
4.667557471017274445e-02
4.223380650609723230e-02
3.821472843280732806e-02
3.457811620608675085e-02
3.128757338846289981e-02
2.831016712142738270e-02
2.561609852231886211e-02
2.317840444708975378e-02
2.097268763409789946e-02
1.897687252811184125e-02
1.717098434073425703e-02
1.553694913600586931e-02
1.405841294037958600e-02
1.272057806665639196e-02
1.151005501375822367e-02
1.041472846010084441e-02
9.423636009383267592e-03
8.526858475241053115e-03
7.715420606695149591e-03
6.981201260823478513e-03
6.316852123632903798e-03
5.715724165662961799e-03
5.171801096264214657e-03
4.679639150539255735e-03
4.234312606313932713e-03
3.831364485854215230e-03
3.466761948934997915e-03
3.136855930819655320e-03
2.838344621193641688e-03
2.568240418537109764e-03
