9.841554128354096376e-01
8.905006426961058486e-01
8.057583022965070230e-01
7.290802618110097111e-01
6.596991016380554518e-01
5.969204318068200843e-01
5.401159422889931783e-01
4.887171146608318972e-01
4.422095321796911671e-01
4.001277313283612691e-01
3.620505432997406237e-01
3.275968787978535968e-01
2.964219139680890347e-01
2.682136392841630856e-01
2.426897368519103093e-01
2.195947548769090485e-01
1.986975510170617965e-01
1.797889790323465020e-01
1.626797955789497374e-01
1.471987661982745721e-01
1.331909515449256620e-01
1.205161567016631158e-01
1.090475280615499643e-01
9.867028373441670552e-02
8.928056477112515654e-02
8.078439570829715199e-02
7.309674403029084444e-02
6.614066913520380564e-02
5.984655228746848382e-02
5.415139985014703200e-02
4.899821282343990586e-02
4.433541637953779951e-02
4.011634368441017312e-02
3.629876884044486857e-02
3.284448427547227711e-02
2.971891834854102285e-02
2.689078934531535792e-02
2.433179240016403524e-02
2.201631621155140939e-02
1.992118671552341874e-02
1.802543515188647152e-02
1.631008820180757102e-02
1.475797809646233263e-02
1.335357079623422823e-02
1.208281052082496587e-02
1.093297907428099347e-02
9.892568557013583716e-03
8.951166190871892928e-03
8.099350104559295202e-03
7.328595036378714525e-03
6.631187010548066953e-03
6.000146133137903084e-03
5.429156734946948872e-03
4.912504162161935618e-03
4.445017582181512092e-03
4.022018232185565513e-03
3.639272592504339248e-03
3.292950016130659959e-03
2.979584390317136216e-03
2.696039446554807355e-03
