1.021755585801344290e+00
9.245226861203076352e-01
8.365427202247690541e-01
7.569351550449582300e-01
6.849032513115287379e-01
6.197260895211575971e-01
5.607513547318461189e-01
5.073888079757300495e-01
4.591043789491029425e-01
4.154148208573090195e-01
3.758828739183982526e-01
3.401128891202594984e-01
3.077468684323262371e-01
2.784608818409582409e-01
2.519618253489890325e-01
2.279844874924067122e-01
2.062888950148807909e-01
1.866579111347558273e-01
1.688950623671580664e-01
1.528225721513216673e-01
1.382795816030160663e-01
1.251205395847657942e-01
1.132137459811455582e-01
1.024400335997587286e-01
9.269157550592263539e-02
8.387080585446425596e-02
7.588944341794867654e-02
6.866760803848272199e-02
6.213302116024599364e-02
5.622028244141062669e-02
5.087021520553840215e-02
4.602927418151297329e-02
4.164900960446945438e-02
3.768558231426301364e-02
3.409932499841936832e-02
3.085434518833884629e-02
2.791816603540674818e-02
2.526140127177665951e-02
2.285746110272469933e-02
2.068228608704679450e-02
1.871410634208447651e-02
1.693322366342208535e-02
1.532181437863625560e-02
1.386375096199147540e-02
1.254444062474191143e-02
1.135067926559687329e-02
1.027051931963697019e-02
9.293150183068761561e-03
8.408790017068339118e-03
7.608587847850670736e-03
6.884534983148980943e-03
6.229384858530758774e-03
5.636580511345274692e-03
5.100188956437465108e-03
4.614841806838392707e-03
4.175681545144055429e-03
3.778312907848551359e-03
3.418758896069622622e-03
3.093420972407102693e-03
2.799043045571131694e-03
