9.611803109635238540e-01
8.697119108392356024e-01
7.869478798388945817e-01
7.120598877222980017e-01
6.442984302936194396e-01
5.829853281115002783e-01
5.275069390412565618e-01
4.773080167181429356e-01
4.318861534551090564e-01
3.907867519778031040e-01
3.535984756622543301e-01
3.199491317396851997e-01
2.895019462661838627e-01
2.619521935758789555e-01
2.370241464840541490e-01
2.144683167168086879e-01
1.940589579485555716e-01
1.755918064569198522e-01
1.588820367827493141e-01
1.437624119347972462e-01
1.300816096257039756e-01
1.177027077876835887e-01
1.065018142104486448e-01
9.636682658632780840e-02
8.719631055269191910e-02
7.889848450275947778e-02
7.139030100442704529e-02
6.459661563365573511e-02
5.844943490381834111e-02
5.288723576403188409e-02
4.785434985578568973e-02
4.330040636529861042e-02
3.917982789548462436e-02
3.545137431204356537e-02
3.207772999833583688e-02
2.902513038814885996e-02
2.626302403856967810e-02
2.376376686087572354e-02
2.150234544920329172e-02
1.945612673797436978e-02
1.760463148256913302e-02
1.592932929616241305e-02
1.441345319138416861e-02
1.304183177067421741e-02
1.180073738583620017e-02
1.067774874712044963e-02
9.661626606781164792e-03
8.742201272907401330e-03
7.910270827728209386e-03
7.157509031726767314e-03
6.476381991836711524e-03
5.860072759708111548e-03
5.302413105397149086e-03
4.797821783647589385e-03
4.341248674912367989e-03
3.928124242059740159e-03
3.554313796909793714e-03
3.216076118885446630e-03
2.910026011619415518e-03
2.633100422771194552e-03
