9.288156371349468587e-01
8.404271429366100277e-01
7.604499260621004897e-01
6.880835476436674147e-01
6.226037406429192345e-01
5.633551611428692096e-01
5.097448294457457285e-01
4.612361953328691366e-01
4.173437680897228441e-01
3.776282575517030393e-01
3.416921775405014072e-01
3.091758676888319290e-01
2.797538938385901175e-01
2.531317909864158611e-01
2.290431161789666936e-01
2.072467818622865943e-01
1.875246429965331252e-01
1.696793137870980794e-01
1.535321921812312640e-01
1.389216723586660096e-01
1.257015273262529209e-01
1.137394454290632795e-01
1.029157061308755422e-01
9.312198181080899584e-02
8.426025358408401056e-02
7.624183029607779771e-02
6.898646087143882333e-02
6.242153113435145589e-02
5.648133706145782446e-02
5.110642719390824651e-02
4.624300762717870744e-02
4.184240362359355897e-02
3.786057245919087488e-02
3.425766262933762490e-02
3.099761500147683868e-02
2.804780192320904461e-02
2.537870067378048683e-02
2.296359799077099875e-02
2.077832271478497958e-02
1.880100387636397113e-02
1.701185180397325053e-02
1.539296006231752854e-02
1.392812623871803913e-02
1.260268978392053638e-02
1.140338528439081844e-02
1.031820969759744688e-02
9.336302221527667186e-03
8.447835596130491218e-03
7.643917748794981822e-03
6.916502799498898228e-03
6.258310534937071637e-03
5.662753545699701109e-03
5.123871297264894452e-03
4.636270474965727834e-03
4.195071005884342362e-03
3.795857217441906198e-03
3.434633643863294148e-03
3.107785038212703462e-03
2.812040189787166911e-03
2.544439184740370907e-03
