1.038728323172566581e+00
9.398802539802868505e-01
8.504388222745047354e-01
7.695088681444052225e-01
6.962804174075573060e-01
6.300205751160542489e-01
5.700661904975408145e-01
5.158172199193903351e-01
4.667307214503478852e-01
4.223154209151934180e-01
3.821267950576731631e-01
3.457626226023411964e-01
3.128589586888442797e-01
2.830864923894328422e-01
2.561472508545107329e-01
2.317716171002047743e-01
2.097156315909683433e-01
1.897585506105522457e-01
1.717006369846980907e-01
1.553611610443637880e-01
1.405765918224510802e-01
1.271989603809215996e-01
1.150943788879314061e-01
1.041417006234083009e-01
9.423130750195865546e-02
8.526401297822483460e-02
7.715006935460150261e-02
6.980826955611282858e-02
6.316513438271140202e-02
5.715417710474699625e-02
5.171523804142924563e-02
4.679388246252186995e-02
4.234085578726645704e-02
3.831159062798308867e-02
3.466576074467488111e-02
3.136687744646395742e-02
2.838192440050881643e-02
2.568102719344819360e-02
2.323715433823092882e-02
2.102584673390796993e-02
1.902497287072910798e-02
1.721450733055469515e-02
1.557633036574021176e-02
1.409404655061149286e-02
1.275282069053391976e-02
1.153922934629827805e-02
1.044112648782930149e-02
9.447521932634336470e-03
8.548471352362946307e-03
7.734976746626458753e-03
6.998896387985674081e-03
6.332863336806157824e-03
5.730211710450276545e-03
5.184909968883245901e-03
4.691500548993224502e-03
4.245045243465318460e-03
3.841075777542988113e-03
3.475549089032464213e-03
3.144806863977364468e-03
2.845538923023042868e-03
