1.041146194861600760e+00
9.420680347565347779e-01
8.524184081833136029e-01
7.713000715469121582e-01
6.979011652694588896e-01
6.314870884267046458e-01
5.713931466150651284e-01
5.170178994666180250e-01
4.678171412317500000e-01
4.232984541851004812e-01
3.830162803434593033e-01
3.465674621717129145e-01
3.135872076467277614e-01
2.837454392961715199e-01
2.567434906722269039e-01
2.323111171973973321e-01
2.102037914659421747e-01
1.902002559314123487e-01
1.721003084867578914e-01
1.557227987743501352e-01
1.409038151723162879e-01
1.274950443119347299e-01
1.153622867075912717e-01
1.043841136432209632e-01
9.445065187290424547e-02
8.546248397249196771e-02
7.732965333660919705e-02
6.997076386271329496e-02
6.331216531154131022e-02
5.728721619076088123e-02
5.183561678451591159e-02
4.690280565360282344e-02
4.243941356624838374e-02
3.840076939424445779e-02
3.474645302928244806e-02
3.143989084492369163e-02
2.844798965545315347e-02
2.574080550815391333e-02
2.329124399416379609e-02
2.107478907852471800e-02
1.906925773546475078e-02
1.725457793322016792e-02
1.561258774639518246e-02
1.412685358530808323e-02
1.278250572310219747e-02
1.156608947452167184e-02
1.046543053689907160e-02
9.469513145642446603e-03
8.568369824760684386e-03
7.752981629013688293e-03
7.015187879276975867e-03
6.347604487722134127e-03
5.743550055383967422e-03
5.196979002473919515e-03
4.702421062185598716e-03
4.254926532425934091e-03
3.850016737532978642e-03
3.483639204184570039e-03
3.152127102883209558e-03
2.852162549094014281e-03
