9.326581765853925177e-01
8.439040164116525800e-01
7.635959312800957299e-01
6.909301708822459531e-01
6.251794718642357251e-01
5.656857791307199346e-01
5.118536598083006650e-01
4.631443439531991446e-01
4.190703323605711184e-01
3.791905175086106028e-01
3.431057688062105759e-01
3.104549379598544045e-01
2.809112444801086239e-01
2.541790051526497396e-01
2.299906747412724384e-01
2.081041683052411995e-01
1.883004383318352126e-01
1.703812824352171629e-01
1.541673596803375124e-01
1.394963956785776893e-01
1.262215584911268451e-01
1.142099890855860361e-01
1.033414716381167997e-01
9.350723037306993279e-02
8.460884089846225364e-02
7.655724514157991045e-02
6.927186002585317137e-02
6.267977096834137507e-02
5.671500212607929331e-02
5.131785608766554346e-02
4.643431640150426365e-02
4.201550696100191801e-02
3.801720283606486311e-02
3.439938765513428365e-02
3.112585310788976503e-02
2.816383656030953600e-02
2.548369315521723660e-02
2.305859911658741587e-02
2.086428328817921743e-02
1.887878421964690398e-02
1.708223036896332550e-02
1.545664122134822634e-02
1.398574733423291194e-02
1.265482750721061769e-02
1.145056144731488798e-02
1.036089645505050734e-02
9.374926796925822647e-03
8.482784557206492909e-03
7.675540876498030199e-03
6.945116588719945500e-03
6.284201362096068950e-03
5.686180534897064022e-03
5.145068913682592296e-03
4.655450871473634789e-03
4.212426146337462131e-03
3.811560797919158992e-03
3.448842831076251361e-03
3.120642042482865176e-03
2.823673688334657570e-03
2.554965609528807389e-03
