9.836876128431908395e-01
8.900773597589893837e-01
8.053753000565878617e-01
7.287337070531392236e-01
6.593855259257358492e-01
5.966366967689260559e-01
5.398592082098987444e-01
4.884848120595823295e-01
4.419993360937734539e-01
3.999375380446982264e-01
3.618784493000231639e-01
3.274411617074897696e-01
2.962810153181001382e-01
2.680861489135024089e-01
2.425743787940972396e-01
2.194903745897278380e-01
1.986031038275148930e-01
1.797035196812161451e-01
1.626024687603258856e-01
1.471287979993660400e-01
1.331276417004806645e-01
1.204588715854792297e-01
1.089956943449302412e-01
9.862338264810330268e-02
8.923812691328225633e-02
8.074599634657961267e-02
7.306199885098012270e-02
6.610923039686708580e-02
5.981810534064557761e-02
5.412565998823278685e-02
4.897492243324481909e-02
4.431434236300862972e-02
4.009727512570627345e-02
3.628151489502156463e-02
3.282887226004451570e-02
2.970479201281103418e-02
2.687800730816712613e-02
2.432022673467358967e-02
2.200585116465116758e-02
1.991171754950657805e-02
1.801686709615684182e-02
1.630233550438358464e-02
1.475096316574239785e-02
1.334722342443389956e-02
1.207706718131384277e-02
1.092778228578684431e-02
9.887866308330458751e-03
8.946911420314491645e-03
8.095500228953800628e-03
7.325111524876079701e-03
6.628034998994324425e-03
5.997294075141995293e-03
5.426576086153842536e-03
4.910169094571123320e-03
4.442904725651702046e-03
4.020106440538451925e-03
3.637542731886542376e-03
3.291384773515690365e-03
2.978168100230807382e-03
2.694757934289904004e-03
