9.659310024867853173e-01
8.740105142910288283e-01
7.908374170873756492e-01
7.155792865635682842e-01
6.474829140541932260e-01
5.858667681751952294e-01
5.301141738287157290e-01
4.796671403114409760e-01
4.340207767560966268e-01
3.927182390139480339e-01
3.553461574050096328e-01
3.215304995753485717e-01
2.909328270555705531e-01
2.632469080548648921e-01
2.381956525903135558e-01
2.155283392772097961e-01
1.950181060251687803e-01
1.764596795260766904e-01
1.596673208098281505e-01
1.444729663062841174e-01
1.307245458085743439e-01
1.182844605033538943e-01
1.070282058356311905e-01
9.684312542533372870e-02
8.762728356439156152e-02
7.928844500990896160e-02
7.174315186285218360e-02
6.491588829334490884e-02
5.873832475286096255e-02
5.314863410913640840e-02
4.809087285944893542e-02
4.351442122923937506e-02
3.937347655239410021e-02
3.562659486276766735e-02
3.223627610903987556e-02
2.916858884159794635e-02
2.639283061518397921e-02
2.388122070850349360e-02
2.160862208542919244e-02
1.955228981509456176e-02
1.769164343298096007e-02
1.600806096471132228e-02
1.448469255107162797e-02
1.310629180895635411e-02
1.185906324044190725e-02
1.073052416280661885e-02
9.709379777646411427e-03
8.785410128736141980e-03
7.949367817272574854e-03
7.192885450799070372e-03
6.508391899529452317e-03
5.889036521936380671e-03
5.328620601228383109e-03
4.821535306508710830e-03
4.362705557710562336e-03
3.947539232489958617e-03
3.571881206721865161e-03
3.231971768621381101e-03
2.924408990284482323e-03
2.646114680050160040e-03
