1.159192207722510082e+00
1.048880484243039701e+00
9.490663091907790561e-01
8.587507087531022210e-01
7.770297740447072998e-01
7.030856144836780119e-01
6.361781720676372709e-01
5.756378146245173522e-01
5.208586339087105666e-01
4.712923814676947543e-01
4.264429815872475271e-01
3.858615663989611866e-01
3.491419834597470073e-01
3.159167308416712672e-01
2.858532790491389863e-01
2.586507429519356305e-01
2.340368704257120847e-01
2.117653175612176919e-01
1.916131831716573197e-01
1.733787779226937664e-01
1.568796057578003000e-01
1.419505374163872458e-01
1.284421577646606971e-01
1.162192703987429548e-01
1.051595445536216006e-01
9.515229077573644778e-02
8.609735310572420863e-02
7.790410668391380133e-02
7.049055074627048889e-02
6.378248793318816445e-02
5.771278169737575209e-02
5.222068437872644936e-02
4.725122922131760883e-02
4.275468024764230573e-02
3.868603448422969909e-02
3.500457155676051091e-02
3.167344614687416654e-02
2.865931923183862723e-02
2.593202441640518607e-02
2.346426601738553150e-02
2.123134587928003636e-02
1.921091618683614874e-02
1.738275580060204620e-02
1.572856787696635950e-02
1.423179674719757086e-02
1.287746222274682023e-02
1.165200966848583576e-02
1.054317434336276595e-02
9.539858650751333047e-03
8.632021069973853239e-03
7.810575657387144009e-03
7.067301111204697152e-03
6.394758489945127390e-03
5.786216761005478527e-03
5.235585434224592112e-03
4.737353606210460873e-03
4.286534805366812133e-03
3.878617085609382432e-03
3.509517869292949881e-03
3.175543087402096266e-03
