9.834952975745867576e-01
8.899033457078967535e-01
8.052178456318952460e-01
7.285912363980420192e-01
6.592566131460317891e-01
5.965200516621868010e-01
5.397536633526902605e-01
4.883893111234988149e-01
4.419129232733476353e-01
3.998593484913789409e-01
3.618077004664803642e-01
3.273771455156178622e-01
2.962230910723342991e-01
2.680337368885218896e-01
2.425269544327398608e-01
2.194474632530452052e-01
1.985642760444265298e-01
1.796683868502184089e-01
1.625706792602376050e-01
1.471000336701855093e-01
1.331016146591333937e-01
1.204353213445874538e-01
1.089743852057676043e-01
9.860410134164282470e-02
8.922068046572818878e-02
8.073021014802089779e-02
7.304771490783563970e-02
6.609630575063286939e-02
5.980641063711798072e-02
5.411507818288818078e-02
4.896534761981864714e-02
4.430567871354991472e-02
4.008943593149928014e-02
3.627442169877582306e-02
3.282245407066790299e-02
2.969898459490703108e-02
2.687275253914541209e-02
2.431547202303960611e-02
2.200154892365276810e-02
1.990782472086981628e-02
1.801334471914429677e-02
1.629914832586220469e-02
1.474807928735829415e-02
1.334461398336289802e-02
1.207470606139264199e-02
1.092564585613367036e-02
9.885933186839265807e-03
8.945162259655650705e-03
8.093917522939524101e-03
7.323679433252612211e-03
6.626739188907355450e-03
5.996121577688636600e-03
5.425515166585491607e-03
4.909209134848153792e-03
4.442036118174551643e-03
4.019320491991540227e-03
3.636831576232645458e-03
3.290741293269997068e-03
2.977585855226736692e-03
2.694231097223756446e-03
