8.955393073181104890e-01
8.103174745834307302e-01
7.332055714914907929e-01
6.634318361979407719e-01
6.002979497082003846e-01
5.431720468662483148e-01
4.914823924357633045e-01
4.447116589817122767e-01
4.023917492835007437e-01
3.640991114606559331e-01
3.294504999232470421e-01
2.980991397212068850e-01
2.697312559040775937e-01
2.440629331558422932e-01
2.208372742750152884e-01
1.998218290611039338e-01
1.808062678748721397e-01
1.636002765886173382e-01
1.480316518584133823e-01
1.339445776551647926e-01
1.211980658054164356e-01
1.096645449343253004e-01
9.922858368846337873e-02
8.978573546003432160e-02
8.124149305011715838e-02
7.351034280885437866e-02
6.651490878610205604e-02
6.018517832691394620e-02
5.445780136135859595e-02
4.927545637572687542e-02
4.458627671955628369e-02
4.034333150676011615e-02
3.650415591554560107e-02
3.303032618620437705e-02
2.988707506321071003e-02
2.704294383284250661e-02
2.446946747380068440e-02
2.214088976970869996e-02
2.003390553224201551e-02
1.812742735497019017e-02
1.640237456350565615e-02
1.484148224970114997e-02
1.342912847864611604e-02
1.215117793909132986e-02
1.099484047250290711e-02
9.948543064856802884e-03
9.001814020024576091e-03
8.145178155518942656e-03
7.370061971682655144e-03
6.668707845222349856e-03
6.034096388307139992e-03
5.459876196175939000e-03
4.940300280143834245e-03
4.470168549807672538e-03
4.044775768793525822e-03
3.659864463169548807e-03
3.311582311215895916e-03
2.996443588094147709e-03
2.711294279541513145e-03
2.453280515436011538e-03
