1.173365343981107589e+00
1.061704868260740842e+00
9.606702917132573516e-01
8.692504263376760187e-01
7.865303113940398383e-01
7.116820561688022018e-01
6.439565541663017090e-01
5.826759857991700153e-01
5.272270345420784210e-01
4.770547486538098680e-01
4.316569870337070847e-01
3.905793936247611287e-01
3.534108500654795648e-01
3.197793610791422325e-01
2.893483314200397949e-01
2.618131971151220205e-01
2.368983772853867353e-01
2.143545160398178939e-01
1.939559868378165353e-01
1.754986343429464635e-01
1.587977311677086778e-01
1.436861290597579166e-01
1.300125860260130106e-01
1.176402526519556846e-01
1.064453024666935366e-01
9.631569264601975988e-02
8.715004265016956797e-02
7.885661957330318550e-02
7.135242004975154984e-02
6.456233952843441759e-02
5.841842060126959529e-02
5.285917286259148723e-02
4.782895749250374445e-02
4.327743040486874138e-02
3.915903838677235738e-02
3.543256318665814752e-02
3.206070898821174187e-02
2.900972914129579250e-02
2.624908841413262084e-02
2.375115738644138080e-02
2.149093592491333610e-02
1.944580297347481973e-02
1.759529015415494529e-02
1.592087691267910637e-02
1.440580515853687529e-02
1.303491154437961749e-02
1.179447570614356768e-02
1.067208294503480155e-02
9.656499977050885322e-03
8.737562506499029283e-03
7.906073498308390651e-03
7.153711131011886333e-03
6.472945509159901654e-03
5.856963301595702158e-03
5.299599551347226011e-03
4.795275974665556482e-03
4.338945131686249013e-03
3.926039909954682876e-03
3.552427815229524440e-03
3.214369612091409582e-03
