1.011387056817832697e+00
9.151408531260359913e-01
8.280536866817878039e-01
7.492539598523063615e-01
6.779530184859793307e-01
6.134372587965387646e-01
5.550609853765168245e-01
5.022399488605829854e-01
4.544454985615222764e-01
4.111992915564721685e-01
3.720685052701740991e-01
3.366615056411630946e-01
3.046239275164486227e-01
2.756351280459566899e-01
2.494049775811145453e-01
2.256709559598121251e-01
2.041955251163831420e-01
1.847637517208050029e-01
1.671811560536903274e-01
1.512717655878879630e-01
1.368763537962854882e-01
1.238508465592074448e-01
1.120648802222010826e-01
1.014004968727654776e-01
9.175096377791651381e-02
8.301970516712085801e-02
7.511933566952423702e-02
6.797078573178887140e-02
6.150251026342726940e-02
5.564977258948963085e-02
5.035399654416213011e-02
4.556218022081128666e-02
4.122636551108795067e-02
3.730315812405955028e-02
3.375329328156116693e-02
3.054124274309832562e-02
2.763485922727456842e-02
2.500505467099432833e-02
2.262550910635052065e-02
2.047240724153929700e-02
1.852420010941510306e-02
1.676138939818459447e-02
1.516633230574865841e-02
1.372306496460898133e-02
1.241714267011652210e-02
1.123549531301237803e-02
1.016629656938124009e-02
9.198845538826758150e-03
8.323459646263605197e-03
7.531377735451664536e-03
6.814672384399598874e-03
6.166170565061085927e-03
5.579381853259207658e-03
5.048433470339746924e-03
4.568011506428536553e-03
4.133307737035353882e-03
3.739971500727122013e-03
3.384066156246002925e-03
3.062029683280505492e-03
2.770639032569000969e-03
