8.907151198283324023e-01
8.059523692310586185e-01
7.292558608349953841e-01
6.598579902055283775e-01
5.970642001279677924e-01
5.402460292454958068e-01
4.888348222066738469e-01
4.423160383715541433e-01
4.002241021160114487e-01
3.621377431944119984e-01
3.276757805254011946e-01
2.964933072035217387e-01
2.682782385549771775e-01
2.427481886893207985e-01
2.196476442865509526e-01
1.987454073339236793e-01
1.798322812185325636e-01
1.627189770172935424e-01
1.472342190297805664e-01
1.332230305934475889e-01
1.205451830251007828e-01
1.090737921651043496e-01
9.869404847806390046e-02
8.930206800040715875e-02
8.080385263476010105e-02
7.311434938539451700e-02
6.615659911925941827e-02
5.986096633311072113e-02
5.416444221798939751e-02
4.901001404588344740e-02
4.434609456718330983e-02
4.012600570814863626e-02
3.630751140105738933e-02
3.285239487144392401e-02
2.972607615177511736e-02
2.689726599351252578e-02
2.433765271379628725e-02
2.202161884260729272e-02
1.992598473451681965e-02
1.802977657900414407e-02
1.631401648751133054e-02
1.476153255635581987e-02
1.335678700454676071e-02
1.208572066645035442e-02
1.093561228293477017e-02
9.894951182733025680e-03
8.953322079776010120e-03
8.101300833508877017e-03
7.330360128924734778e-03
6.632784132330002934e-03
6.001591268687364589e-03
5.430464347666231172e-03
4.913687339078645286e-03
4.446088164927903749e-03
4.022986935513603313e-03
3.640149111522528267e-03
3.293743123335934799e-03
2.980302023392985243e-03
2.696688787814253106e-03
2.440064920012371442e-03
