8.628492948879172841e-01
7.807383281405313458e-01
7.064412529963901566e-01
6.392144793553418136e-01
5.783851790710876628e-01
5.233445520609490975e-01
4.735417332300149162e-01
4.284782792281198738e-01
3.877031798612629032e-01
3.508083442299963495e-01
3.174245164185400814e-01
2.872175798574647665e-01
2.598852133727654334e-01
2.351538654539375717e-01
2.127760164585162650e-01
1.925277013523007397e-01
1.742062681920141243e-01
1.576283499165419266e-01
1.426280291477526052e-01
1.290551776336100187e-01
1.167739537141678358e-01
1.056614427725782596e-01
9.560642706429402227e-02
8.650827261249907640e-02
7.827592202944458344e-02
7.082698318350673372e-02
6.408690459104056381e-02
5.798822928007402178e-02
5.246991965825939519e-02
4.747674662813367030e-02
4.295873683574793350e-02
3.887067252054442201e-02
3.517163896081074159e-02
3.182461498539294886e-02
2.879610245337145547e-02
2.605579099340760499e-02
2.357625464735954232e-02
2.133267738207509506e-02
1.930260472219094345e-02
1.746571901819597358e-02
1.580363610056600629e-02
1.429972128481601761e-02
1.293892288598678247e-02
1.170762157632267153e-02
1.059349407846189167e-02
9.585389829934688397e-03
8.673219384586244168e-03
7.847853434008454296e-03
7.101031438352845178e-03
6.425278952071366602e-03
5.813832817153053237e-03
5.260573475165494783e-03
4.759963720657203051e-03
4.306993282944301081e-03
3.897128681637543422e-03
3.526267854046799891e-03
3.190699100358908649e-03
2.887063935698414626e-03
2.612323477282087712e-03
2.363728030258644818e-03
