8.684715667287278285e-01
7.858255700764665841e-01
7.110443798546260963e-01
6.433795607766399360e-01
5.821539005902446329e-01
5.267546323096395922e-01
4.766273014375355110e-01
4.312702167981866674e-01
3.902294294434797139e-01
3.530941893792838293e-01
3.194928346414513953e-01
2.890890715779605991e-01
2.615786091090145371e-01
2.366861132796383160e-01
2.141624516249145405e-01
1.937821997685388042e-01
1.753413852998931821e-01
1.586554463496036571e-01
1.435573844323181081e-01
1.298960930697343752e-01
1.175348454661771652e-01
1.063499261008712393e-01
9.622939254142744148e-02
8.707195508635401371e-02
7.878596302367961435e-02
7.128848735982286355e-02
6.450449083835124719e-02
5.836607694189795137e-02
5.281181036099508175e-02
4.778610212884752684e-02
4.323865326826908939e-02
3.912395138261270250e-02
3.540081515240768584e-02
3.203198217887284066e-02
2.898373604930516712e-02
2.622556889188906379e-02
2.372987604266107650e-02
2.147167976875482068e-02
1.942837928285506138e-02
1.757952454692190275e-02
1.590661160133658922e-02
1.439289737105423420e-02
1.302323209528126642e-02
1.178390770357734540e-02
1.066252062087897322e-02
9.647847628351309546e-03
8.729733537641750502e-03
7.898989554341687494e-03
7.147301313443543691e-03
6.467145666381281417e-03
5.851715386830885421e-03
5.294851041701352165e-03
4.790979345458063095e-03
4.335057380807884157e-03
3.922522127487936341e-03
3.549244794025105225e-03
3.211489495403245433e-03
2.905875863070280212e-03
2.629345213073526217e-03
2.379129933722660614e-03
