9.515855243339427227e-01
8.610301888787194047e-01
7.790923329560350830e-01
7.049518949635510401e-01
6.378668524783764893e-01
5.771657958472584671e-01
5.222412084931030707e-01
4.725433866848786080e-01
4.275749379179136223e-01
3.868858028425306572e-01
3.500687509188047941e-01
3.167553047164446967e-01
2.866120520688213991e-01
2.593373091719404222e-01
2.346581012315319126e-01
2.123274304395602330e-01
1.921218039371414832e-01
1.738389970228939041e-01
1.572960292201562027e-01
1.423273329468749959e-01
1.287830964595947369e-01
1.165277644871756113e-01
1.054386815480783668e-01
9.540486437307899026e-02
8.632589114740769898e-02
7.811089645547369953e-02
7.067766186924501204e-02
6.395179307858624151e-02
5.786597532799791360e-02
5.235929970791816657e-02
4.737665355788366756e-02
4.286816888049960889e-02
3.878872324576073533e-02
3.509748819060554137e-02
3.175752059393509991e-02
2.873539293744006504e-02
2.600085875176201197e-02
2.352654989966201579e-02
2.128770266650434340e-02
1.926190991667700234e-02
1.742889683544726967e-02
1.577031801180120429e-02
1.426957383140419269e-02
1.291164434208126946e-02
1.168293892908741673e-02
1.057116029566725936e-02
9.565181387575808977e-03
8.654934029779714696e-03
7.831308160777436869e-03
7.086060656041798071e-03
6.411732828059060404e-03
5.801575777277357716e-03
5.249482846851611165e-03
4.749928505169268012e-03
4.297913044472767043e-03
3.888912542103811071e-03
3.518833583564869895e-03
3.183972294251060774e-03
2.880977269828158792e-03
2.606816034251600335e-03
