9.049619224195554201e-01
8.188434093029688388e-01
7.409201562494607263e-01
6.704122811515618174e-01
6.066141174967770722e-01
5.488871518199459620e-01
4.966536332458715841e-01
4.493907911643728603e-01
4.066256031663082471e-01
3.679300608763170222e-01
3.329168863011401913e-01
3.012356558212947455e-01
2.725692930337093034e-01
2.466308953445084384e-01
2.231608625514219513e-01
2.019242986777063376e-01
1.827086610542577316e-01
1.653216331211418144e-01
1.495891996588221418e-01
1.353539051853542841e-01
1.224732780890000622e-01
1.108184047244508558e-01
1.002726392017360968e-01
9.073043595495021429e-02
8.209629340675415887e-02
7.428379815649001350e-02
6.721476012582279502e-02
6.081843000615586026e-02
5.503079117577078933e-02
4.979391899996050974e-02
4.505540110181599500e-02
4.076781280154170156e-02
3.688824247432033465e-02
3.337786207634842184e-02
3.020153854072347641e-02
2.732748215390176649e-02
2.472692839356023520e-02
2.237385004358909482e-02
2.024469670496489848e-02
1.831815909544153714e-02
1.657495577909125564e-02
1.499764019121312998e-02
1.357042602724962618e-02
1.227902924814454171e-02
1.111052512087913093e-02
1.005321886339994274e-02
9.096528599309204252e-03
8.230879450889207888e-03
7.447607710507823768e-03
6.738874131320606031e-03
6.097585469453458730e-03
5.517323492433849098e-03
4.992280743362988334e-03
4.517202417935205216e-03
4.087333772590286303e-03
3.698372537441774362e-03
3.346425857713913442e-03
3.027971332742629418e-03
2.739821762605742800e-03
2.479093249554913114e-03
