9.797026310622146683e-01
8.864715991333705913e-01
8.021126729220472429e-01
7.257815599407073659e-01
6.567143127548606962e-01
5.942196831403677715e-01
5.376722038388763725e-01
4.865059286712730136e-01
4.402087683581014099e-01
3.983173653579342721e-01
3.604124564293592625e-01
3.261146765035391470e-01
2.950807618710945546e-01
2.670001146835250805e-01
2.415916943855458965e-01
2.186012049667500345e-01
1.977985498816636767e-01
1.789755291661814796e-01
1.619437557023472585e-01
1.465327697767580817e-01
1.325883330624595124e-01
1.199708849499276780e-01
1.085541457775817259e-01
9.822385298248619001e-02
8.887661752221649725e-02
8.041888912257191824e-02
7.276601999498809314e-02
6.584141765301802784e-02
5.957577834898406671e-02
5.390639345877736022e-02
4.877652187287066787e-02
4.413482211222279766e-02
3.993483848550005016e-02
3.613453614490293175e-02
3.269588038728101637e-02
2.958445599003994148e-02
2.676912277202621662e-02
2.422170393212780617e-02
2.191670404637797304e-02
1.983105390118291428e-02
1.794387960887829439e-02
1.623629369484553414e-02
1.469120606531756565e-02
1.329315296397617918e-02
1.202814220548126430e-02
1.088351313697702265e-02
9.847809926022729754e-03
8.910666906771304990e-03
8.062704836901413152e-03
7.295437027007920308e-03
6.601184402961785859e-03
5.972998651155186391e-03
5.404592677443528954e-03
4.890277683794054531e-03
4.424906232883086231e-03
4.003820730813158202e-03
3.622806812347824975e-03
3.278051162127891983e-03
2.966103349729576778e-03
2.683841296597122474e-03
