1.030512532979056095e+00
9.324462995944656774e-01
8.437123021822411362e-01
7.634224610717544879e-01
6.907732085468242245e-01
6.250374464699237631e-01
5.655572692396351187e-01
5.117373792502594165e-01
4.630391289532934107e-01
4.189751298917177014e-01
3.791043747525026930e-01
3.430278236171913075e-01
3.103844102362738888e-01
2.808474283568042074e-01
2.541212619364098257e-01
2.299384265185808740e-01
2.080568921583239306e-01
1.882576611051238469e-01
1.703425759998490052e-01
1.541323366492975688e-01
1.394647055295997473e-01
1.261928840585484213e-01
1.141840433860481507e-01
1.033179949983377838e-01
9.348598783094815012e-02
8.458961985149628104e-02
7.653985321907123829e-02
6.925612316359575082e-02
6.266553166652837070e-02
5.670211787299219569e-02
5.130619793336891471e-02
4.642376766727140947e-02
4.200596207155512379e-02
3.800856626294237678e-02
3.439157296060945529e-02
3.111878207987319941e-02
2.815743842957614887e-02
2.547790388712418280e-02
2.305336077019378219e-02
2.085954343635362460e-02
1.887449542435916741e-02
1.707834970650867409e-02
1.545312985275249830e-02
1.398257011653898305e-02
1.265195264175589425e-02
1.144796016147964397e-02
1.035854271429176299e-02
9.372797044214963708e-03
8.480857477262536415e-03
7.673797182457198218e-03
6.943538829106194257e-03
6.282773746160875451e-03
5.684888774580320811e-03
5.143900080612866070e-03
4.654393267576711381e-03
4.211469186758067147e-03
3.810694905084169391e-03
3.448059338839146691e-03
3.119933109389989336e-03
2.823032219145342556e-03
