9.753157023002838599e-01
8.825021418393174111e-01
7.985209594330920924e-01
7.225316431810363538e-01
6.537736664652081808e-01
5.915588763442815035e-01
5.352646062876131872e-01
4.843274443193183454e-01
4.382375942018469916e-01
3.965337732238898294e-01
3.587985955279612282e-01
3.246543947724489509e-01
2.937594443199298411e-01
2.658045371221235964e-01
2.405098910718256600e-01
2.176223488495406533e-01
1.969128442399392387e-01
1.781741095601836466e-01
1.612186012552927761e-01
1.458766228992080249e-01
1.319946268159247482e-01
1.194336773227413495e-01
1.080680602152492287e-01
9.778402457732070230e-02
8.847864432370768084e-02
8.005878808118568890e-02
7.244018709846811177e-02
6.554659185621970752e-02
5.930900893623868020e-02
5.366501051213785900e-02
4.855810955067547258e-02
4.393719447054045268e-02
3.975601760046766631e-02
3.597273231699932294e-02
3.254947422941237983e-02
2.945198222016952305e-02
2.664925554813917311e-02
2.411324358275871577e-02
2.181856506389556749e-02
1.974225407766485793e-02
1.786353020584417056e-02
1.616359054846340515e-02
1.462542153806206842e-02
1.323362866218759891e-02
1.197428238994049238e-02
1.083477876054721699e-02
9.803713238684392053e-03
8.870766574056145048e-03
8.026601522868652416e-03
7.262769397555975635e-03
6.571625509475132430e-03
5.946252658292723245e-03
5.380391902319049333e-03
4.868379916915951955e-03
4.405092314040350357e-03
3.985892355646323583e-03
3.606584547652285852e-03
3.263372650026084235e-03
2.952821682738767436e-03
2.671823547329945075e-03
