1.010160016178534459e+00
9.140305808421481659e-01
8.270490707751178006e-01
7.483449457891971912e-01
6.771305085481573727e-01
6.126930210280909783e-01
5.543875711957096941e-01
5.016306185119526750e-01
4.538941536621366457e-01
4.107004140612647847e-01
3.716171022454943795e-01
3.362530592938182683e-01
3.042543499781109606e-01
2.753007204604031588e-01
2.491023930848306478e-01
2.253971661854568820e-01
2.039477898838708836e-01
1.845395916126620905e-01
1.669783276002116124e-01
1.510882388137380627e-01
1.367102919038232223e-01
1.237005875451977349e-01
1.119289202439278930e-01
1.012774751970685477e-01
9.163964916251644832e-02
8.291898353793258902e-02
7.502819897062915078e-02
6.788832183647232343e-02
6.142789384530785574e-02
5.558225686237536906e-02
5.029290578796324213e-02
4.550690301870641968e-02
4.117634863025913111e-02
3.725790097875218698e-02
3.371234292305357733e-02
3.050418932643866876e-02
2.760133190941483489e-02
2.497471789926845875e-02
2.259805926015053673e-02
2.044756959357822007e-02
1.850172607616391504e-02
1.674105405196473634e-02
1.514793212358021314e-02
1.370641579128429460e-02
1.240207787511297954e-02
1.122186412279813084e-02
1.015396255842302385e-02
9.187685264197298710e-03
8.313361412183313537e-03
7.522240475399730349e-03
6.806404649606283101e-03
6.158689609257695687e-03
5.572612804525627767e-03
5.042308581761094713e-03
4.562469478061270678e-03
4.128293102396834828e-03
3.735434071668410939e-03
3.379960520651997639e-03
3.058314750570229144e-03
2.767277622447257210e-03
