1.012419018784413094e+00
9.160746109273879556e-01
8.288985856798339880e-01
7.500184560801995692e-01
6.786447632789245343e-01
6.140631753689270722e-01
5.556273381117825538e-01
5.027524060072584566e-01
4.549091889629742202e-01
4.116188559820899706e-01
3.724481428617498757e-01
3.370050159393138678e-01
3.049347484876961389e-01
2.759163704910517767e-01
2.496594562689764818e-01
2.259012177986823022e-01
2.044038746441386445e-01
1.849522741695482919e-01
1.673517382194530112e-01
1.514261147143196595e-01
1.370160146613220720e-01
1.239772169357278020e-01
1.121792248674079867e-01
1.015039601863007429e-01
9.184458125539721185e-02
8.310441376372752764e-02
7.519598317736327087e-02
6.804013926488082509e-02
6.156526393524186513e-02
5.570655445986662929e-02
5.040537490514530872e-02
4.560866928430622191e-02
4.126843055526761839e-02
3.734122015002464684e-02
3.378773322686064173e-02
3.057240529428040254e-02
2.766305626962557371e-02
2.503056840999146396e-02
2.264859489206913143e-02
2.049329612428225575e-02
1.854310115214189911e-02
1.677849176888369584e-02
1.518180717069432528e-02
1.373706720145087545e-02
1.242981241794726896e-02
1.124695937492671723e-02
1.017666968156401459e-02
9.208231518871217575e-03
8.331952432212770890e-03
7.539062325961840005e-03
6.821625689435489165e-03
6.172462175636577418e-03
5.585074737927623288e-03
5.053584605404292524e-03
4.572672446180294815e-03
4.137525129725955209e-03
3.743787555440130244e-03
3.387519065339605114e-03
3.065154004629473510e-03
2.773466035431515833e-03
