9.434584579861826636e-01
8.536765151484052572e-01
7.724384538048187920e-01
6.989312161324411354e-01
6.324191169900112985e-01
5.722364809338231773e-01
5.177809799141441793e-01
4.685076049736432435e-01
4.239232116145626450e-01
3.835815842428325628e-01
3.470789702924275688e-01
3.140500393339796248e-01
2.841642267250496512e-01
2.571224252080789863e-01
2.326539913444223007e-01
2.105140368238476167e-01
1.904809775400171656e-01
1.723543159022747073e-01
1.559526341883684109e-01
1.411117788549097751e-01
1.276832176335379043e-01
1.155325529700539089e-01
1.045381769285263079e-01
9.459005409819405685e-02
8.558862032209164916e-02
7.744378622550149305e-02
7.007403557121157089e-02
6.340560941761505531e-02
5.737176791443131946e-02
5.191212234785234220e-02
4.697203074999756894e-02
4.250205102373349336e-02
3.845744610954762721e-02
3.479773624202012194e-02
3.148629381472582006e-02
2.848997679883813125e-02
2.577879704656508425e-02
2.332562015968696681e-02
2.110589391937868139e-02
1.909740255935146735e-02
1.728004442299691315e-02
1.563563077925119935e-02
1.414770378366123765e-02
1.280137176274561556e-02
1.158316017312117745e-02
1.048087674374392764e-02
9.483489451562385902e-03
8.581016109322971153e-03
7.764424460484768177e-03
7.025541781360288701e-03
6.356973085749801494e-03
5.752027113433933955e-03
5.204649361792395949e-03
4.709361490306734031e-03
4.261206491487125325e-03
3.855699079475282884e-03
3.488780799796038778e-03
3.156779410980878418e-03
2.856372131541013576e-03
2.584552384453442549e-03
