9.516527334696501805e-01
8.610910022195413793e-01
7.791473591423265788e-01
7.050016847158793176e-01
6.379119041093178621e-01
5.772065602486777802e-01
5.222780936488311543e-01
4.725767617539514687e-01
4.276051369292402371e-01
3.869131280379666804e-01
3.500934757780904683e-01
3.167776766942820843e-01
2.866322950714841333e-01
2.593556257982030377e-01
2.346746748003465111e-01
2.123424268247740554e-01
1.921353732276182280e-01
1.738512750246534733e-01
1.573071388155669881e-01
1.423373853245019083e-01
1.287921922270117980e-01
1.165359946778803113e-01
1.054461285325855591e-01
9.541160268331262684e-02
8.633198822264143146e-02
7.811641331728576276e-02
7.068265373224269510e-02
6.395630990301225116e-02
5.787006231974926862e-02
5.236299777098200187e-02
4.737999970371807590e-02
4.287119659845679137e-02
3.879146283825965491e-02
3.509996707640873626e-02
3.175976358256486776e-02
2.873742247748050510e-02
2.600269515553200322e-02
2.352821154650772822e-02
2.128920618674590495e-02
1.926327035805034185e-02
1.743012781370691100e-02
1.577143184699131631e-02
1.427058167116173129e-02
1.291255627320527476e-02
1.168376407849108789e-02
1.057190692172317245e-02
9.565856962768478841e-03
8.655545315492740172e-03
7.831861274963691430e-03
7.086561134453968694e-03
6.412185679653310995e-03
5.801985534344653549e-03
5.249853610378404575e-03
4.750263985881554574e-03
4.298216599974273057e-03
3.889187210480024148e-03
3.519082113789218699e-03
3.184197173697564734e-03
2.881180749165902603e-03
2.607000149970188120e-03
