1.066771258982321724e+00
9.652545516125339287e-01
8.733984362285430736e-01
7.902835859536796459e-01
7.150781594305267719e-01
6.470294754730241404e-01
5.854564799801723618e-01
5.297429297176805552e-01
4.793312247485508881e-01
4.337168277854930309e-01
3.924432146121725196e-01
3.550973050354100380e-01
3.213053286397679620e-01
2.907290839676031635e-01
2.630625536852057023e-01
2.380288418584675658e-01
2.153774026853055301e-01
1.948815329490629633e-01
1.763361030965199250e-01
1.595555042323778538e-01
1.443717904830504328e-01
1.306329981379118488e-01
1.182016247454044655e-01
1.069532529422871497e-01
9.677530524284601310e-02
8.756591732557866825e-02
7.923291854082689656e-02
7.169290943593531473e-02
6.487042706549757398e-02
5.869718973283485214e-02
5.311141360382514581e-02
4.805719435352507479e-02
4.348394765689592850e-02
3.934590292387651900e-02
3.560164521193393689e-02
3.221370073139859930e-02
2.914816179518180811e-02
2.637434745924670254e-02
2.386449645740805828e-02
2.159348935724941104e-02
1.953859715640053618e-02
1.767925380304219418e-02
1.599685036394711893e-02
1.447454878002151814e-02
1.309711334535021247e-02
1.185075822313099922e-02
1.072300947238626241e-02
9.702580204569127842e-03
8.779257620589137751e-03
7.943800797686400433e-03
7.187848203170560391e-03
6.503834009391257741e-03
5.884912372392049444e-03
5.324888916403093878e-03
4.818158738446475312e-03
4.359650312583306965e-03
3.944774732377541275e-03
3.569379783577989081e-03
3.229708387362457619e-03
2.922360998230130649e-03
