1.052013295818399197e+00
9.519009943278203822e-01
8.613156379334476753e-01
7.793506179416962443e-01
7.051856008830940103e-01
6.380783183391954827e-01
5.773571380707646084e-01
5.224143420965816631e-01
4.727000444476254781e-01
4.277166877234727660e-01
3.870140633705999589e-01
3.501848058438588041e-01
3.168603155551810158e-01
2.867070698050094291e-01
2.594232847750203019e-01
2.347358951742369026e-01
2.123978213098161871e-01
1.921854962304371250e-01
1.738966281931084157e-01
1.573481760594114542e-01
1.423745173582654788e-01
1.288257906805688191e-01
1.165663958158468794e-01
1.054736366197685515e-01
9.543649302989441752e-02
8.635450993957653754e-02
7.813679180948703007e-02
7.070109295450956177e-02
6.397299440127879322e-02
5.788515907808199079e-02
5.237665788281251761e-02
4.739235988403685956e-02
4.288238055210290278e-02
3.880158249800022552e-02
3.510912372319979768e-02
3.176804885920517935e-02
2.874491930580342150e-02
2.600947856631517091e-02
2.353434943040625185e-02
2.129475997376484991e-02
1.926829563235689033e-02
1.743467486993535709e-02
1.577554619360874155e-02
1.427430448593194727e-02
1.291592481530977332e-02
1.168681206143147577e-02
1.057466485073716052e-02
9.568352440136632456e-03
8.657803316791300163e-03
7.833904399028609675e-03
7.088409829557594868e-03
6.413858448157606224e-03
5.803499117879056500e-03
5.251223157395652243e-03
4.751503203268522477e-03
4.299337890235083864e-03
3.890201795864480470e-03
3.520000148608870560e-03
3.185027845953442710e-03
2.881932372505148499e-03
