1.160147278955264261e+00
1.049744668431325412e+00
9.498482553804149520e-01
8.594582429243754484e-01
7.776699774374143947e-01
7.036648944685529594e-01
6.367023262734714528e-01
5.761120889627769914e-01
5.212877750763821316e-01
4.716806844538236621e-01
4.267943326586320363e-01
3.861794819952169555e-01
3.494296453870164298e-01
3.161770181172089411e-01
2.860887967154840950e-01
2.588638481490532217e-01
2.342296959820420188e-01
2.119397933397386136e-01
1.917710553846039834e-01
1.735216266082360570e-01
1.570088605935962278e-01
1.420674920282774811e-01
1.285479826737108699e-01
1.163150247362118028e-01
1.052461866611026642e-01
9.523068779656281013e-02
8.616828966363043740e-02
7.796829273581402930e-02
7.054862868774580686e-02
6.383503902779755212e-02
5.776033189413706803e-02
5.226370957599105888e-02
4.729016002972100813e-02
4.278990629980008314e-02
3.871790833431174722e-02
3.503341220897161767e-02
3.169954224815533378e-02
2.868293196074268511e-02
2.595339009705951647e-02
2.348359848470337602e-02
2.124883861909218283e-02
1.922674427236214373e-02
1.739707764464184028e-02
1.574152681734884013e-02
1.424352248135373616e-02
1.288807210576526155e-02
1.166160988764190602e-02
1.055186098087652208e-02
9.547718645410695551e-03
8.639133087247206216e-03
7.817010876733792440e-03
7.073123938462814141e-03
6.400027201927031492e-03
5.790984088751559809e-03
5.239899090753286949e-03
4.741256764046178872e-03
4.290066528625071166e-03
3.881812720963602296e-03
3.512409399735846611e-03
3.178159452342219516e-03
