9.428841010004443968e-01
8.531568154563989870e-01
7.719682100773497258e-01
6.985057220122303789e-01
6.320341139888903115e-01
5.718881158123527708e-01
5.174657661170991574e-01
4.682223877353957064e-01
4.236651363851273722e-01
3.833480681185713057e-01
3.468676761654812535e-01
3.138588525017073638e-01
2.839912337253739372e-01
2.569658946689141188e-01
2.325123566555205856e-01
2.103858804576374530e-01
1.903650168645107110e-01
1.722493903440557306e-01
1.558576936171835736e-01
1.410258730736120292e-01
1.276054868681940901e-01
1.154622192650382462e-01
1.044745363604790422e-01
9.453246973091981864e-02
8.553651583188799645e-02
7.739664013311753354e-02
7.003137602270838313e-02
6.336700946189285921e-02
5.733684123015934248e-02
5.188051937703513222e-02
4.694343519948105531e-02
4.247617669963681813e-02
3.843403405293856212e-02
3.477655213716707161e-02
3.146712564398718159e-02
2.847263272071850690e-02
2.576310347570110598e-02
2.331142002954664227e-02
2.109304511028673584e-02
1.908577647610787409e-02
1.726952470785290614e-02
1.562611214736182516e-02
1.413909096935922136e-02
1.279357856609055454e-02
1.157610859718156623e-02
1.047449621397764617e-02
9.477716109482961504e-03
8.575792173382387057e-03
7.759697647776305114e-03
7.021264784353623001e-03
6.353103098821342304e-03
5.748525404453754331e-03
5.201480884480056549e-03
4.706494533476331989e-03
4.258612361671083001e-03
3.853351813750485050e-03
3.486656905938168537e-03
3.154857632346341149e-03
2.854633234323302165e-03
2.582978965184738220e-03
