1.070318050563515477e+00
9.684638213491728598e-01
8.763023035708245034e-01
7.929111137819885302e-01
7.174556449265114821e-01
6.491807133106287653e-01
5.874030004707317953e-01
5.315042142925124891e-01
4.809249009356683646e-01
4.351588456318297715e-01
3.937480063170136213e-01
3.562779293926932600e-01
3.223736017348824423e-01
2.916956974367438393e-01
2.639371817208617244e-01
2.388202380319924545e-01
2.160934875556013157e-01
1.955294733341959856e-01
1.769223838016449335e-01
1.600859929518474722e-01
1.448517965262725304e-01
1.310673255667025860e-01
1.185946204546536736e-01
1.073088501651434101e-01
9.709706291583602988e-02
8.785705570764021366e-02
7.949635144274262710e-02
7.193127338273046234e-02
6.508610768366855648e-02
5.889234562650109278e-02
5.328799795876460604e-02
4.821697448531404168e-02
4.362852269879730072e-02
3.947671983150299185e-02
3.572001324486612922e-02
3.232080455669496255e-02
2.924507334392473928e-02
2.646203665478912351e-02
2.394384092269231240e-02
2.166528319835266114e-02
1.960355891021528171e-02
1.773803362863501584e-02
1.605003654956913342e-02
1.452267363089492294e-02
1.314065851115787074e-02
1.189015951852834610e-02
1.075866123878087104e-02
9.734839256822046608e-03
8.808446818137955978e-03
7.970212275831013368e-03
7.211746296861446665e-03
6.525457898782499946e-03
5.904478476636717404e-03
5.342593059648861019e-03
4.834178109709513782e-03
4.374145239115515005e-03
3.957890284275565260e-03
3.581247225693513000e-03
3.240446493044960019e-03
2.932077238050482919e-03
