8.500891251932840564e-01
7.691924491403386854e-01
6.959941096529002058e-01
6.297615131465668092e-01
5.698317815339585257e-01
5.156051179180179966e-01
4.665388036230658231e-01
4.221417664838804651e-01
3.819696660304133795e-01
3.456204463790170101e-01
3.127303123220256387e-01
2.829700883430408265e-01
2.560419241177244176e-01
2.316763135276408980e-01
2.096293973524400167e-01
1.896805226448161075e-01
1.716300343616467550e-01
1.552972771492154291e-01
1.405187872837109497e-01
1.271466566713372326e-01
1.150470525343974121e-01
1.040988779678715254e-01
9.419255996088932159e-02
8.522895275320838127e-02
7.711834555112186129e-02
6.977956467168205945e-02
6.313916112919804036e-02
5.713067553309997965e-02
5.169397294002034404e-02
4.677464100306876621e-02
4.232344539477568557e-02
3.829583705339474620e-02
3.465150632091953259e-02
3.135397951047756010e-02
2.837025386541289218e-02
2.567046725660491677e-02
2.322759931224303159e-02
2.101720098886381005e-02
1.901714987710634644e-02
1.720742879320377380e-02
1.556992544028013362e-02
1.408825113439547000e-02
1.274757678108857928e-02
1.153448446081534184e-02
1.043683313790004681e-02
9.443637148969622613e-03
8.544956254742139962e-03
7.731796154771103900e-03
6.996018469463442628e-03
6.330259288441189743e-03
5.727855470051277861e-03
5.182777954404343274e-03
4.689571422516919039e-03
4.243299697645429996e-03
3.839496342370259281e-03
3.474119956988818390e-03
3.143513731828959101e-03
2.844368848668700316e-03
2.573691364971300057e-03
2.328772249502076772e-03
