8.949839051359788078e-01
8.098149259069792327e-01
7.327508466446529534e-01
6.630203841416112409e-01
5.999256524919055478e-01
5.428351784143141678e-01
4.911775812554974308e-01
4.444358544203720340e-01
4.021421909963350250e-01
3.638733017844474893e-01
3.292461788788590415e-01
2.979142623949524449e-01
2.695639719815361435e-01
2.439115684032909237e-01
2.207003137831350659e-01
1.996979020832581053e-01
1.806941341082131114e-01
1.634988137607189251e-01
1.479398444951911529e-01
1.338615069176701255e-01
1.211229002937874027e-01
1.095965323668575409e-01
9.916704337252185697e-02
8.973005147945267712e-02
8.119110810090170161e-02
7.346475262149838870e-02
6.647365707868709006e-02
6.014785223848700957e-02
5.442402731988098957e-02
4.924489635923963438e-02
4.455862487314283388e-02
4.031831108144744158e-02
3.648151649850752548e-02
3.300984119454580118e-02
2.986853947624987585e-02
2.702617214019508232e-02
2.445429181872949692e-02
2.212715826915708645e-02
2.002148075673712904e-02
1.811618495318267560e-02
1.639220201769971824e-02
1.483227774961925170e-02
1.342079990255769933e-02
1.214364193180757050e-02
1.098802161112997014e-02
9.942373103938169712e-03
8.996231208517576836e-03
8.140126618769567834e-03
7.365491152213237726e-03
6.664571996735333369e-03
6.030354117840760510e-03
5.456490049829547211e-03
4.937236368226673340e-03
4.467396207659459287e-03
4.042267249882223849e-03
3.657594661394752457e-03
3.309528509638535749e-03
2.994585231577730645e-03
2.709612769029408428e-03
2.451759021805837921e-03
