8.141741710851607694e-01
7.366952547962644093e-01
6.665894322291953111e-01
6.031550607483213700e-01
5.457572678428334045e-01
4.938215971092690393e-01
4.468282588987448345e-01
4.043069280874435623e-01
3.658320369046927922e-01
3.310185157076780960e-01
2.995179390750312143e-01
2.710150386481030571e-01
2.452245478192653372e-01
2.218883466878197874e-01
2.007728787092747103e-01
1.816668131829470290e-01
1.643789301832788152e-01
1.487362067665512211e-01
1.345820852991088667e-01
1.217749065759409222e-01
1.101864920477445969e-01
9.970086096692098998e-02
9.021306961327098251e-02
8.162816098197038517e-02
7.386021442194974640e-02
6.683148571313936304e-02
6.047162897618413996e-02
5.471699262723896812e-02
4.950998233152353878e-02
4.479848457986173454e-02
4.053534511916585814e-02
3.667789701682256515e-02
3.318753363569055398e-02
3.002932224589979424e-02
2.717165440634976975e-02
2.458592961680694522e-02
2.224626907448542038e-02
2.012925667029059895e-02
1.821370463252886332e-02
1.648044147256701175e-02
1.491212011013028776e-02
1.349304425789239238e-02
1.220901132775628443e-02
1.104717028657878353e-02
9.995893038711513648e-03
9.044658048111350532e-03
8.183945035271231877e-03
7.405139695063033857e-03
6.700447481876425047e-03
6.062815599186613565e-03
5.485862412796156835e-03
4.963813581294991388e-03
4.491444264510790693e-03
4.064026831552361788e-03
3.677283545090701249e-03
3.327343748325992286e-03
3.010705126153380515e-03
2.724198652816253469e-03
2.464956875231297077e-03
2.230385214554274614e-03
