1.079505402036752271e+00
9.767768807348053972e-01
8.838242707612997684e-01
7.997172711531693734e-01
7.236141107889970669e-01
6.547531236607029292e-01
5.924451258641297846e-01
5.360665180148882492e-01
4.850530440561187095e-01
4.388941439942209422e-01
3.971278440428336332e-01
3.593361330339047144e-01
3.251407788214243921e-01
2.941995428069787422e-01
2.662027547008263828e-01
2.408702132375556693e-01
2.179483818276408691e-01
1.972078510780379823e-01
1.784410427858719450e-01
1.614601324260125370e-01
1.460951693400973361e-01
1.321923758132199367e-01
1.196126080148731535e-01
1.082299634007251321e-01
9.793052063763853232e-02
8.861119944067813448e-02
8.017872891097266308e-02
7.254871404920963662e-02
6.564479110211597634e-02
5.939786328834855550e-02
5.374540925468224151e-02
4.863085734129263954e-02
4.400301939357031955e-02
3.981557845386441558e-02
3.602662520580286049e-02
3.259823853176789521e-02
2.949610598560518590e-02
2.668918038213000457e-02
2.414936906646249909e-02
2.185125275329539984e-02
1.977183112214296948e-02
1.789029262240286397e-02
1.618780618436278795e-02
1.464733275152536700e-02
1.325345474800375574e-02
1.199222177424015025e-02
1.085101098671806437e-02
9.818400764301809039e-03
8.884056396813135720e-03
8.038626651778251267e-03
7.273650184150085365e-03
6.581470852323141607e-03
5.955161092894999467e-03
5.388452587283312431e-03
4.875673526286619826e-03
4.411691844711469745e-03
3.991863857939022785e-03
3.611987786368611383e-03
3.268261702595193566e-03
2.957245480442045361e-03
