1.026610301208787046e+00
9.289154142748775600e-01
8.405174250262840152e-01
7.605316166750160090e-01
6.881574643669357005e-01
6.226706232599509283e-01
5.634156790373756607e-01
5.097995883011559037e-01
4.612857431942131159e-01
4.173886008486504817e-01
3.776688239095346566e-01
3.417288834989807289e-01
3.092090806135289749e-01
2.797839461356184665e-01
2.531589834292649610e-01
2.290677209187444441e-01
2.072690451514984933e-01
1.875447876536605607e-01
1.696975414266405635e-01
1.535486852315317285e-01
1.389365958877154805e-01
1.257150306937459550e-01
1.137516637812405057e-01
1.029267617531122170e-01
9.313198535148842216e-02
8.426930516200362153e-02
7.625002050247170482e-02
6.899387167664547404e-02
6.242823670820019794e-02
5.648740451558557918e-02
5.111191725343527947e-02
4.624797523846598674e-02
4.184689850416455081e-02
3.786463959532110346e-02
3.426134272629250549e-02
3.100094489090363115e-02
2.805081493176030810e-02
2.538142695665853571e-02
2.296606483353121411e-02
2.078055480641883418e-02
1.880302355639477258e-02
1.701367928603756199e-02
1.539461363647011936e-02
1.392962245448480310e-02
1.260404361593174885e-02
1.140461028225230565e-02
1.031931812149952665e-02
9.337305164949325637e-03
8.448743096866571933e-03
7.644738889417889045e-03
6.917245798259974432e-03
6.258982828017642039e-03
5.663361861634892344e-03
5.124421724285039594e-03
4.636768521929456564e-03
4.195521657413063890e-03
3.796264983807584592e-03
3.435002606128779480e-03
3.108118889076355064e-03
2.812342270540645669e-03
