8.637702475672106583e-01
7.815716405849963966e-01
7.071952652770572278e-01
6.398967378805479056e-01
5.790025121134682040e-01
5.239031380970849971e-01
4.740471627767031126e-01
4.289356107941442731e-01
3.881169905746507665e-01
3.511827756474538709e-01
3.177633159755438585e-01
2.875241383738558199e-01
2.601625989892136781e-01
2.354048543389248849e-01
2.130031205931638971e-01
1.927331936711206006e-01
1.743922053312013110e-01
1.577965927974810667e-01
1.427802616017444792e-01
1.291929232542213257e-01
1.168985911058675331e-01
1.057742193482745369e-01
9.570847152986197703e-02
8.660060626324844746e-02
7.835946897158647950e-02
7.090257958291920626e-02
6.415530704189775779e-02
5.805012237709497591e-02
5.252592284836209158e-02
4.752742041006796647e-02
4.300458836975547955e-02
3.891216070418879874e-02
3.520917902177852360e-02
3.185858263723194417e-02
2.882683765575819873e-02
2.608360135457803847e-02
2.360141850275564515e-02
2.135544658001953602e-02
1.932320714446974022e-02
1.748436086077600690e-02
1.582050393727355703e-02
1.431498393463032960e-02
1.295273310263715151e-02
1.172011757709910847e-02
1.060480092754021927e-02
9.595620690060842686e-03
8.682476649647080658e-03
7.856229753824175988e-03
7.108610645947546769e-03
6.432136902702115071e-03
5.820038147494798093e-03
5.266188290249979205e-03
4.765044215440997037e-03
4.311590304726814656e-03
3.901288238957888350e-03
3.530031577152713089e-03
3.194104657856265250e-03
2.890145411551295861e-03
2.615111711936548601e-03
2.366250929304266216e-03
