1.007644138585246374e+00
9.117541206565429324e-01
8.249892444185130680e-01
7.464811378270845843e-01
6.754440653640044756e-01
6.111670641316776509e-01
5.530068282975248994e-01
5.003812706729876547e-01
4.527636969892988028e-01
4.096775345642126309e-01
3.706915626024198107e-01
3.354155963928887596e-01
3.034965822091329479e-01
2.746150638288502588e-01
2.484819853086770725e-01
2.248357980151526603e-01
2.034398429580852319e-01
1.840799822278348929e-01
1.665624558311394887e-01
1.507119424759768012e-01
1.363698048971469512e-01
1.233925021612019696e-01
1.116501530605385484e-01
1.010252362186173786e-01
9.141141389652665539e-02
8.271246772914964129e-02
7.484133573942637618e-02
6.771924099282494725e-02
6.127490317130262348e-02
5.544382517592489484e-02
5.016764761822103263e-02
4.539356473980896839e-02
4.107379591461692708e-02
3.716510744431791163e-02
3.362837986094564108e-02
3.042821640611052814e-02
2.753258876834447158e-02
2.491251653299466490e-02
2.254177713649304846e-02
2.039664342212639883e-02
1.845564617067699253e-02
1.669935922926060745e-02
1.511020508785914339e-02
1.367227895769229130e-02
1.237118959074566885e-02
1.119391524732365334e-02
1.012867337010168838e-02
9.164802660332396073e-03
8.292656375984254827e-03
7.503505783905033491e-03
6.789452799726521624e-03
6.143350941181559451e-03
5.558733803707505659e-03
5.029750342495905267e-03
4.551106313269479876e-03
4.118011285705913335e-03
3.726130699201078787e-03
3.371542481129629568e-03
3.050697793423885404e-03
2.760385514609668862e-03
