1.057981429601000611e+00
9.573011850901627096e-01
8.662019325997470931e-01
7.837719201913134759e-01
7.091861605949942859e-01
6.416981744596099713e-01
5.806325193364221260e-01
5.253780296240825320e-01
4.753816998178747588e-01
4.301431498447513824e-01
3.892096170913797448e-01
3.521714250037284999e-01
3.186578829064182217e-01
2.883335760058486352e-01
2.608950084462071661e-01
2.360675658209360206e-01
2.136027667394496676e-01
1.932757759418609333e-01
1.748831540721301203e-01
1.582408215886111080e-01
1.431822164341278458e-01
1.295566270269221387e-01
1.172276838884880601e-01
1.060719948119951683e-01
9.597790991160941310e-02
8.684440419290861968e-02
7.858006646078269375e-02
7.110218444546870242e-02
6.433591699035445810e-02
5.821354501652815233e-02
5.267379376747545472e-02
4.766121955072109839e-02
4.312565483871948213e-02
3.902170617537691066e-02
3.530829986308590268e-02
3.194827088335408516e-02
2.890799093680753232e-02
2.615703187986784251e-02
2.366786118966390101e-02
2.141556640928897817e-02
1.937760581555867181e-02
1.753358281386869361e-02
1.586504180222062660e-02
1.435528346135388385e-02
1.298919762234575573e-02
1.175311203896216121e-02
1.063465555122186830e-02
9.622634270669384177e-03
8.706919548176820373e-03
7.878346603019141178e-03
7.128622798668214286e-03
6.450244647299219376e-03
5.836422712362496212e-03
5.281013657620510331e-03
4.778458762573983311e-03
4.323728288918751543e-03
3.912271141234278764e-03
3.539969318091022287e-03
3.203096697707995440e-03
2.898281745673612214e-03
