1.124892223341540376e+00
1.017844574937089241e+00
9.209838571479846969e-01
8.333406553545815720e-01
7.540378069354339852e-01
6.822816223289555060e-01
6.173539415215176795e-01
5.586049464606528403e-01
5.054466574575725568e-01
4.573470484888160215e-01
4.138247225009871744e-01
3.744440934272406096e-01
3.388110266955199901e-01
3.065688945972869783e-01
2.773950070375473254e-01
2.509973819439212384e-01
2.271118230119232306e-01
2.054992755395484150e-01
1.859434338874652315e-01
1.682485766194741772e-01
1.522376076565903624e-01
1.377502838399606300e-01
1.246416111634705420e-01
1.127803936249966998e-01
1.020479201727212126e-01
9.233677660502480344e-02
8.354977053305383261e-02
7.559895864662531662e-02
6.840476654801971867e-02
6.189519234466274444e-02
5.600508602998374719e-02
5.067549744025227898e-02
4.585308626152574674e-02
4.148958818185907726e-02
3.754133184584863142e-02
3.396880177702883696e-02
3.073624289370208151e-02
2.781130266006349647e-02
2.516470729114847135e-02
2.276996877095346927e-02
2.060311975146897345e-02
1.864247367940485844e-02
1.686840774987603125e-02
1.526316651477560397e-02
1.381068418028246619e-02
1.249642381499686296e-02
1.130723185944483046e-02
1.023120648083400766e-02
9.257578455510614285e-03
8.376603386949553823e-03
7.579464180558710511e-03
6.858182799232780645e-03
6.205540416476420032e-03
5.615005167962315233e-03
5.080666778437592339e-03
4.597177409702549698e-03
4.159698137648493166e-03
3.763850522678853332e-03
3.405672788814028632e-03
3.081580172905812928e-03
