9.813655455475283063e-01
8.879762663826763491e-01
8.034741521509123352e-01
7.270134772908632970e-01
6.578289976692094365e-01
5.952282917601907641e-01
5.385848306582458056e-01
4.873317075661416364e-01
4.409559640012029047e-01
3.989934559344059384e-01
3.610242084809323626e-01
3.266682126503627215e-01
2.955816220889759816e-01
2.674533117498698598e-01
2.420017640489187660e-01
2.189722513421712147e-01
1.981342865259713704e-01
1.792793162445568966e-01
1.622186336179771704e-01
1.467814896002117564e-01
1.328133840653276943e-01
1.201745195182893355e-01
1.087384019546409480e-01
9.839057486599364633e-02
8.902747372081946942e-02
8.055538945581056098e-02
7.288953060407678264e-02
6.595317467364587849e-02
5.967690028297636951e-02
5.399789236843776513e-02
4.885931351004089290e-02
4.420973508343487013e-02
4.000262254494898334e-02
3.619586969823870154e-02
3.275137728132032633e-02
2.963467165635148490e-02
2.681455978587650793e-02
2.426281704242336593e-02
2.195390472694523643e-02
1.986471446893657566e-02
1.797433695009414620e-02
1.626385263683152380e-02
1.471614242722797151e-02
1.331571631730240138e-02
1.204855837184719627e-02
1.090198644823776354e-02
9.864525269286474052e-03
8.925791574811655499e-03
8.076390202479695468e-03
7.307820057862651764e-03
6.612389032627840300e-03
5.983137019332268776e-03
5.413766252327978368e-03
4.898578277606658801e-03
4.432416920756648664e-03
4.010616682236346243e-03
3.628956043486679991e-03
3.283615216554479788e-03
2.971137914370742313e-03
2.688396759067969519e-03
