1.110050814152679033e+00
1.004415512566624757e+00
9.088327390260497740e-01
8.223458690068800037e-01
7.440893128447226834e-01
6.732798526225702851e-01
6.092088034626378379e-01
5.512349207699095421e-01
4.987779824407017060e-01
4.513129818048296493e-01
4.083648731823921740e-01
3.695038174669377229e-01
3.343408801512143813e-01
3.025241387398950876e-01
2.737351605909590369e-01
2.476858159347821997e-01
2.241153941745582523e-01
2.027879946070185735e-01
1.834901654489048128e-01
1.660287675397780494e-01
1.502290413403853386e-01
1.359328578804516741e-01
1.229971361507969374e-01
1.112924111005044736e-01
1.007015379071770356e-01
9.111851955218040755e-02
8.244744596685400773e-02
7.460153413230745378e-02
6.750225952579858024e-02
6.107857022091683907e-02
5.526617577602246228e-02
5.000690379389765433e-02
4.524811771284298345e-02
4.094219000227600908e-02
3.704602549039709425e-02
3.352063005322526712e-02
3.033072034829893682e-02
2.744437068712554662e-02
2.483269351216045237e-02
2.246955028042159005e-02
2.033128986016584719e-02
1.839651182241314187e-02
1.664585225826031509e-02
1.506178997837231623e-02
1.362847115503029206e-02
1.233155065169516500e-02
1.115804845205950122e-02
1.009621975168165965e-02
9.135437412035284088e-03
8.266085600535117567e-03
7.479463552052423303e-03
6.767698488733178003e-03
6.123666826591195496e-03
5.540922880285233804e-03
5.013634352533664039e-03
4.536523962522953472e-03
4.104816629107527204e-03
3.714191680192726729e-03
3.360739609996227315e-03
3.040922951400165403e-03
