9.426077880534908804e-01
8.529067971629076261e-01
7.717419841702052308e-01
6.983010243465169742e-01
6.318488958815681178e-01
5.717205235383500117e-01
5.173141223566075642e-01
4.680851747866912604e-01
4.235409809749006160e-01
3.832357276577464944e-01
3.467660263129676013e-01
3.137668759116151174e-01
2.839080098650751394e-01
2.568905906060423572e-01
2.324442187217040934e-01
2.103242267055326353e-01
1.903092302426439564e-01
1.721989125211648708e-01
1.558120193942509057e-01
1.409845453276628580e-01
1.275680919772561872e-01
1.154283829684742690e-01
1.044439200132601941e-01
9.450476691435262533e-02
8.551144928687301472e-02
7.737395898524708493e-02
7.001085327143120873e-02
6.334843970861621376e-02
5.732003862255094506e-02
5.186531574895047320e-02
4.692967838790015889e-02
4.246372902176554637e-02
3.842277092823297852e-02
3.476636084048945197e-02
3.145790417741496647e-02
2.846428879271480084e-02
2.575555357742995502e-02
2.330458859908853680e-02
2.108686377638953335e-02
1.908018337390431085e-02
1.726446385969622466e-02
1.562153290258266186e-02
1.413494749733668759e-02
1.278982939756398082e-02
1.157271620921219990e-02
1.047142665440646721e-02
9.474938657126069294e-03
8.573279030563058650e-03
7.757423662116507725e-03
7.019207197040561348e-03
6.351241316829609081e-03
5.746840794443408215e-03
5.199956586307897567e-03
4.705115291453918457e-03
4.257364371880676020e-03
3.852222585890797881e-03
3.485635138317234785e-03
3.153933098770382321e-03
2.853796681749544428e-03
2.582222021113847986e-03
