1.106286294126064718e+00
1.001009233985598490e+00
9.057506107096826575e-01
8.195570439790428319e-01
7.415658796071805670e-01
6.709965558073264225e-01
6.071427910677228423e-01
5.493655154488644721e-01
4.970864745567445397e-01
4.497824421785224236e-01
4.069799836587225661e-01
3.682507176060754728e-01
3.332070285085705907e-01
3.014981873471294649e-01
2.728068413816985838e-01
2.468458379783617929e-01
2.233553506892636820e-01
2.021002788221895885e-01
1.828678944738175716e-01
1.654657134773613869e-01
1.497195689563335930e-01
1.354718682039056654e-01
1.225800154421298194e-01
1.109149846754647756e-01
1.003600283552455730e-01
9.080950893097612664e-02
8.216784159421783307e-02
7.434853763369979329e-02
6.727333882722627556e-02
6.087143420708569092e-02
5.507875136008522771e-02
4.983731516930410554e-02
4.509466757963748879e-02
4.080334257994906733e-02
3.692039114727783955e-02
3.340695139858059631e-02
3.022785964794445432e-02
2.735129847659942270e-02
2.474847829349709899e-02
2.239334919940690408e-02
2.026234027076897343e-02
1.833412365396863350e-02
1.658940110900899642e-02
1.501071086623858783e-02
1.358225286309164108e-02
1.228973061175136182e-02
1.112020811509459133e-02
1.006198039888471854e-02
9.104456364455278811e-03
8.238052789434777146e-03
7.454098415636100337e-03
6.744747164190102208e-03
6.102899609351133958e-03
5.522131925057943876e-03
4.996631593123374709e-03
4.521139229598659937e-03
4.090895947091136194e-03
3.701595726219716539e-03
3.349342319525588658e-03
3.030610256518107091e-03
