9.483763805489284771e-01
8.581264355021810397e-01
7.764649082481949183e-01
7.025745027748249161e-01
6.357156990686707587e-01
5.752193517502210973e-01
5.204799930419884424e-01
4.709497730434870078e-01
4.261329766652899309e-01
3.855810623457987529e-01
3.488881728965349538e-01
3.156870735469840539e-01
2.856454765355810888e-01
2.584627154621065293e-01
2.338667361172953318e-01
2.116113736728706674e-01
1.914738889812029055e-01
1.732527393270555660e-01
1.567655613203501330e-01
1.418473457420635075e-01
1.283487860765028243e-01
1.161347842015125059e-01
1.050830982810599390e-01
9.508311932785323828e-02
8.603476419141976861e-02
7.784747389229691727e-02
7.043930727732770902e-02
6.373612092505877291e-02
5.767082709345786734e-02
5.218272228324268014e-02
4.721687969685685327e-02
4.272359951261846950e-02
3.865791147220008078e-02
3.497912480316821282e-02
3.165042097205631594e-02
2.863848519210663787e-02
2.591317299768682719e-02
2.344720854834609139e-02
2.121591164303615606e-02
1.919695071236389092e-02
1.737011931673892312e-02
1.571713391353458597e-02
1.422145086924805381e-02
1.286810088525566602e-02
1.164353918004097654e-02
1.053550992846881418e-02
9.532923601367933319e-03
8.625745977795825845e-03
7.804897719182834689e-03
7.062163500260148184e-03
6.390109787323189870e-03
5.782010440927826123e-03
5.231779398426095705e-03
4.733909762605592077e-03
4.283418686811267355e-03
3.875797504941290439e-03
3.506966607201289065e-03
3.173234609998344842e-03
2.871261411333245629e-03
2.598024761937060747e-03
