1.008939284156847638e+00
9.129260168315312951e-01
8.260496199276957663e-01
7.474406052649620325e-01
6.763122274031830861e-01
6.119526096296449280e-01
5.537176192576553913e-01
5.010244209301153440e-01
4.533456434073673824e-01
4.102041014585731116e-01
3.711680200315361500e-01
3.358467129028544496e-01
3.038866725588829643e-01
2.749680321737188460e-01
2.488013642744963672e-01
2.251247840539595813e-01
2.037013283392877516e-01
1.843165839850163246e-01
1.667765419542102945e-01
1.509056556108135105e-01
1.365450837899122305e-01
1.235511010619679273e-01
1.117936592804109619e-01
1.011550860160788240e-01
9.152890685199417675e-02
8.281877975161228145e-02
7.493753083533766235e-02
6.780628191503702829e-02
6.135366105462047165e-02
5.551508825571619538e-02
5.023212911934068353e-02
4.545191001479315790e-02
4.112658890258821115e-02
3.721287651524425588e-02
3.367160310374460452e-02
3.046732641352388818e-02
2.756797696647174389e-02
2.494453709881709266e-02
2.257075054259586461e-02
2.042285964409617724e-02
1.847936758927478523e-02
1.672082325641678288e-02
1.512962654277179124e-02
1.368985221680995429e-02
1.238709053315216989e-02
1.120830301499509130e-02
1.014169196065281379e-02
9.176582368193143477e-03
8.303315096430192305e-03
7.513150192992901731e-03
6.798179421944070509e-03
6.151247115497061879e-03
5.565878557687507083e-03
5.036215183239672703e-03
4.556955943076083058e-03
4.123304249636586954e-03
3.730919971017866450e-03
3.375875993474604635e-03
3.054618917545139090e-03
2.763933494435342596e-03
