1.115726935732772152e+00
1.009551479761614523e+00
9.134799543218815598e-01
8.265508432962176411e-01
7.478941309235945800e-01
6.767225943891532758e-01
6.123239250336772743e-01
5.540535993291170191e-01
5.013284282704884021e-01
4.536207206242944268e-01
4.104530016172979745e-01
3.713932342085053406e-01
3.360504951172483823e-01
3.040710623315969197e-01
2.751348749395734483e-01
2.489523298519703554e-01
2.252613833572933710e-01
2.038249285002217692e-01
1.844284220355047743e-01
1.668777372070524012e-01
1.509972208621127021e-01
1.366279354554795489e-01
1.236260683491198636e-01
1.118614924869546640e-01
1.012164640395449428e-01
9.158444398427142974e-02
8.286903182698711345e-02
7.498300079347078317e-02
6.784742483455238893e-02
6.139088870768522749e-02
5.554877322919486715e-02
5.026260854376971010e-02
4.547948893849674407e-02
4.115154334470437492e-02
3.723545622821717443e-02
3.369203407293103886e-02
3.048581311893048748e-02
2.758470442925984104e-02
2.495967273305657250e-02
2.258444583080145354e-02
2.043525165331538593e-02
1.849058034290095714e-02
1.673096897545697445e-02
1.513880676899223739e-02
1.369815882900023846e-02
1.239460666667906164e-02
1.121510389384916713e-02
1.014784565031552101e-02
9.182150456858934398e-03
8.308353311401948590e-03
7.517708958419455460e-03
6.802304363482059892e-03
6.154979516947849637e-03
5.569255774179307852e-03
5.039271015090265524e-03
4.559720974077727078e-03
4.125806153148899036e-03
3.733183786932125527e-03
3.377924378821368402e-03
3.056472373253450898e-03
