8.120292406887513748e-01
7.347544415145105257e-01
6.648333117504431344e-01
6.015660572285672636e-01
5.443194780007690747e-01
4.925206310608971627e-01
4.456510961385836134e-01
4.032417871749311433e-01
3.648682575515706517e-01
3.301464520862426588e-01
2.987288632794484755e-01
2.703010533425933004e-01
2.445785071989122761e-01
2.213037849609531815e-01
2.002439453856540708e-01
1.811882145200889860e-01
1.639458762049028628e-01
1.483443633228873348e-01
1.342275306892697084e-01
1.214540922982213084e-01
1.098962072850237087e-01
9.943820045172545308e-02
8.997540455088144651e-02
8.141311274056048375e-02
7.366563072643923793e-02
6.665541910450174801e-02
6.031231732062212331e-02
5.457284148015720260e-02
4.937954897979114632e-02
4.468046360265442302e-02
4.042855532287550901e-02
3.658126961327462512e-02
3.310010154535271421e-02
2.995021041902502096e-02
2.710007106518429187e-02
2.452115833121238514e-02
2.218766159166516913e-02
2.007622642685793699e-02
1.816572088398343485e-02
1.643702398142548107e-02
1.487283433954818442e-02
1.345749702267332731e-02
1.217684685922234937e-02
1.101806667191803854e-02
9.969558999166371061e-03
9.020830023762867189e-03
8.162384547242851687e-03
7.385630958743840194e-03
6.682795247276222123e-03
6.046843196808400836e-03
5.471409985468423005e-03
4.950736484267411613e-03
4.479611617800949817e-03
4.053320210054897968e-03
3.667595793339048157e-03
3.318577908044453070e-03
3.002773465866117198e-03
2.717021789801187578e-03
2.458462981031146743e-03
2.224509296093212397e-03
