9.876100404610494987e-01
8.936265190371655009e-01
8.085867121740512031e-01
7.316395129017541077e-01
6.620148077871103043e-01
5.990157693796609450e-01
5.420118821283161914e-01
4.904326319697964731e-01
4.437617964321306507e-01
4.015322781066481550e-01
3.633214297801164450e-01
3.287468244393736971e-01
2.974624278132437794e-01
2.691551351452435292e-01
2.435416375359419072e-01
2.203655864922712537e-01
1.993950283056466488e-01
1.804200825812883324e-01
1.632508416846875643e-01
1.477154700821698974e-01
1.336584845531186561e-01
1.209391980616430495e-01
1.094303117134366315e-01
9.901664070565620313e-02
8.959396151870026304e-02
8.106796881219388573e-02
7.335333158544520005e-02
6.637283915610983631e-02
6.005662840973045175e-02
5.434148458620555178e-02
4.917020860522314935e-02
4.449104459863962441e-02
4.025716192035580510e-02
3.642618644947029360e-02
3.295977649583515384e-02
2.982323906353380460e-02
2.698518263171709175e-02
2.441720297771170917e-02
2.209359889801260773e-02
1.999111498199985029e-02
1.808870886397273559e-02
1.636734062408125995e-02
1.480978223040876028e-02
1.340044511503790149e-02
1.212522415842347788e-02
1.097135652061514283e-02
9.927293906465389089e-03
8.982586986410261501e-03
8.127780816066867975e-03
7.354320207972151781e-03
6.654464108391205425e-03
6.021208122249658429e-03
5.448214410793530971e-03
4.929748260368723399e-03
4.460620687479300260e-03
4.036136505696559344e-03
3.652047334655152393e-03
3.304509080834476878e-03
2.990043464578648509e-03
2.705503208304640625e-03
