9.509537971012052004e-01
8.604585784405461846e-01
7.785751184430360627e-01
7.044838999190381479e-01
6.374433930506459012e-01
5.767826339120277757e-01
5.218945092369392524e-01
4.722296802250963710e-01
4.272910845748230102e-01
3.866289617164676562e-01
3.498363514574525102e-01
3.165450209878817867e-01
2.864217794828135544e-01
2.591651434164940482e-01
2.345023192138996071e-01
2.121864730409493693e-01
1.919942604085293769e-01
1.737235908657773220e-01
1.571916054109253891e-01
1.422328463769491069e-01
1.286976014756239239e-01
1.164504054266244371e-01
1.053686841754675474e-01
9.534152813117652281e-02
8.626858214581656359e-02
7.805904112644376780e-02
7.063074122721414716e-02
6.390933752599844975e-02
5.782755995541308952e-02
5.232454004137562786e-02
4.734520171095751850e-02
4.283971007253449537e-02
3.876297265144119930e-02
3.507418808932856458e-02
3.173643779045565855e-02
2.871631642797476888e-02
2.598359761219229402e-02
2.351093137470139371e-02
2.127357044070544642e-02
1.924912254997402511e-02
1.741732634757627018e-02
1.575984860143059274e-02
1.426010071715608923e-02
1.290307271384425608e-02
1.167518299912507357e-02
1.056414244002566553e-02
9.558831369196919836e-03
8.649188295545279584e-03
7.826109205448029613e-03
7.081356446725052371e-03
6.407476283446995532e-03
5.797724296440823037e-03
5.245997882875865805e-03
4.746775179363506639e-03
4.295059797292455524e-03
3.886330817292159203e-03
3.516497542352216028e-03
3.181858556751777142e-03
2.879064681046901355e-03
2.605085452357003024e-03
