1.135259258281086536e+00
1.027225056064476894e+00
9.294716674712250049e-01
8.410207437322413382e-01
7.609870382733636696e-01
6.885695468701023003e-01
6.230434909281339362e-01
5.637530636555235786e-01
5.101048665279258598e-01
4.615619703567062082e-01
4.176385415211522067e-01
3.778949795823032254e-01
3.419335176140028687e-01
3.093942412178077306e-01
2.799514863787159746e-01
2.533105801102465415e-01
2.292048912681465545e-01
2.073931620162825229e-01
1.876570932371265654e-01
1.697991597208149128e-01
1.536406332664576879e-01
1.390197939102313096e-01
1.257903113776249193e-01
1.138197805608694990e-01
1.029883963641166772e-01
9.318775465377135414e-02
8.431976731348694853e-02
7.629568054532842591e-02
6.903518659193134954e-02
6.246561998947385702e-02
5.652123030729096914e-02
5.114252409546497791e-02
4.627566945438237739e-02
4.187195726698886289e-02
3.788731370157423506e-02
3.428185910605088121e-02
3.101950887899162373e-02
2.806761232281029805e-02
2.539662586460595534e-02
2.297981737415532091e-02
2.079299861976859065e-02
1.881428318433667549e-02
1.702386741871256964e-02
1.540383224013438385e-02
1.393796379202226141e-02
1.261159117025211808e-02
1.141143959181602566e-02
1.032549753633214135e-02
9.342896530711432973e-03
8.453802373826060229e-03
7.649316712519040051e-03
6.921387983895038558e-03
6.262730832572704562e-03
5.666753196399278852e-03
5.127490330876945807e-03
4.639545111995046177e-03
4.198034019998951941e-03
3.798538263482972594e-03
3.437059554640728432e-03
3.109980093056943264e-03
