9.599110621888061745e-01
8.685634470550747110e-01
7.859087068337267112e-01
7.111196051034092136e-01
6.434476273965199500e-01
5.822154898148312885e-01
5.268103605445934035e-01
4.766777264297628602e-01
4.313158432179581281e-01
3.902707139353399635e-01
3.531315451323036592e-01
3.195266355245625078e-01
2.891196558817622497e-01
2.616062829314989013e-01
2.367111535897221675e-01
2.141851090344377151e-01
1.938027010404710926e-01
1.753599356178547897e-01
1.586722313714118704e-01
1.435725721481126982e-01
1.299098354832798341e-01
1.175472801161671771e-01
1.063611774374624008e-01
9.623957317177803117e-02
8.708116690163443530e-02
7.879429821883339458e-02
7.129602935628460980e-02
6.451131511895653869e-02
5.837225180634077887e-02
5.281739760939426626e-02
4.779115768026299255e-02
4.324322772035858048e-02
3.912809051803028959e-02
3.540456039701183472e-02
3.203537101633036760e-02
2.898680239624040408e-02
2.622834343733272677e-02
2.373238655519654614e-02
2.147395137443536273e-02
1.943043471667383823e-02
1.758138438035143289e-02
1.590829444821493383e-02
1.439442007387859226e-02
1.302460989377329792e-02
1.178515438720743880e-02
1.066364866687594289e-02
9.648868326578624935e-03
8.730657103590356086e-03
7.899825231370003961e-03
7.148057465288163229e-03
6.467829860864009878e-03
5.852334471600066992e-03
5.295411212765447490e-03
4.791486209197354934e-03
4.335516010085043240e-03
3.922937112418918397e-03
3.549620287918574691e-03
3.211829256328303447e-03
2.906183291468456692e-03
2.629623385791565997e-03
