8.757714273958517870e-01
7.924307571545292639e-01
7.170210002759848100e-01
6.487874305672831632e-01
5.870471435286849227e-01
5.311822216158805787e-01
4.806335499135182543e-01
4.348952203252053894e-01
3.935094682752385831e-01
3.560620912468702159e-01
3.221783033043023603e-01
2.915189841090711220e-01
2.637772848897178557e-01
2.386755573961480692e-01
2.159625751026240659e-01
1.954110188482554022e-01
1.768152017504316387e-01
1.599890106213678054e-01
1.447640432847661918e-01
1.309879231502337205e-01
1.185227741771501947e-01
1.072438409649116575e-01
9.703824015894974009e-02
8.780383067617743287e-02
7.944819144269897604e-02
7.188769641263838273e-02
6.504667761056462383e-02
5.885666782096074523e-02
5.325571534531825524e-02
4.818776396871580353e-02
4.360209193037906800e-02
3.945280428325073641e-02
3.569837356193464317e-02
3.230122416186410189e-02
2.922735627002186198e-02
2.644600558338370752e-02
2.392933540943347967e-02
2.165215806718824923e-02
1.959168280042108967e-02
1.772728768011253703e-02
1.604031321325370685e-02
1.451387559236856292e-02
1.313269771669390608e-02
1.188295629382006037e-02
1.075214349153429463e-02
9.728941755232041466e-03
8.803110538026391943e-03
7.965383809912950433e-03
7.207377320227064538e-03
6.521504685245193070e-03
5.900901461106675475e-03
5.339356442152382379e-03
4.831249497090830437e-03
4.371495320835193030e-03
3.955492539060796557e-03
3.579077656104275029e-03
3.238483385299584238e-03
2.930300944706829957e-03
2.651445940876859600e-03
2.399127499204944339e-03
