9.600398079722402001e-01
8.686799410573402547e-01
7.860141149659533033e-01
7.112149823256130876e-01
6.435339282759984236e-01
5.822935780797927618e-01
5.268810177286400442e-01
4.767416596937413265e-01
4.313736924274629847e-01
3.903230580647037429e-01
3.531789080591665186e-01
3.195694912730157600e-01
2.891584333665406792e-01
2.616413702507037753e-01
2.367429019090372955e-01
2.142138361017137949e-01
1.938286943658529271e-01
1.753834553512794436e-01
1.586935129062767291e-01
1.435918284771716402e-01
1.299272593303464063e-01
1.175630458649591509e-01
1.063754428768927257e-01
9.625248107515931018e-02
8.709284645560222415e-02
7.880486631628939864e-02
7.130559176630026086e-02
6.451996754534529421e-02
5.838008084549413390e-02
5.282448161696749050e-02
4.779756755538489693e-02
4.324902761521381284e-02
3.913333847991598557e-02
3.540930894929443518e-02
3.203966768411716654e-02
2.899069018202676817e-02
2.623186125138553607e-02
2.373556960498121940e-02
2.147683151698400947e-02
1.943304077742113306e-02
1.758374244162926037e-02
1.591042811029312956e-02
1.439635069116439008e-02
1.302635678853339418e-02
1.178673504295174590e-02
1.066507890333842461e-02
9.650162458046517705e-03
8.731828082166364496e-03
7.900884776601294068e-03
7.149016181459535990e-03
6.468697343129143837e-03
5.853119402013043024e-03
5.296121447173662670e-03
4.792128855865484920e-03
4.336097500836943661e-03
3.923463267009479061e-03
3.550096372279785539e-03
3.212260035272468742e-03
2.906573076376039576e-03
2.629976077760932691e-03
