1.015357447583765671e+00
9.187334112552766330e-01
8.313043677035939494e-01
7.521952976749358699e-01
6.806144510069790377e-01
6.158454225271170479e-01
5.572399820287010641e-01
5.042115865652544437e-01
4.562295101315195223e-01
4.128135319792147206e-01
3.735291304063777518e-01
3.379831339181240124e-01
3.058197862341772710e-01
2.767171857604421303e-01
2.503840638896553950e-01
2.265568698872665876e-01
2.049971331871031366e-01
1.854890766977920769e-01
1.678374572331042813e-01
1.518656114525228640e-01
1.374136877551530578e-01
1.243370464311722157e-01
1.125048120589990930e-01
1.017985636600856197e-01
9.211114950196114259e-02
8.334561468767880121e-02
7.541423079861922507e-02
6.823761787899056130e-02
6.174394997455023848e-02
5.586823627431349026e-02
5.055167066067277337e-02
4.574104315800731763e-02
4.138820738936273280e-02
3.744959871132778895e-02
3.388579820444063279e-02
3.066113815539363643e-02
2.774334508257021714e-02
2.510321673219346322e-02
2.271432981235503579e-02
2.055277553982855221e-02
1.859692035293109696e-02
1.682718939556655108e-02
1.522587060548652102e-02
1.377693744601804146e-02
1.246588850709788587e-02
1.127960237028659621e-02
1.020620628520240748e-02
9.234957343044932973e-03
8.356134957952997613e-03
7.560943580114215870e-03
6.841424666946113384e-03
6.190377031327042034e-03
5.601284769695070477e-03
5.068252048695030300e-03
4.585944097696675187e-03
4.149533816617110259e-03
3.754653464680724612e-03
3.397350946601477694e-03
3.074050258684902538e-03
2.781515698981221890e-03
