9.649721377092906893e-01
8.731428975615149746e-01
7.900523650059975145e-01
7.148689420652303284e-01
6.468401677724010534e-01
5.852851872891262630e-01
5.295879376813860118e-01
4.791909821546139203e-01
4.335899310388964811e-01
3.923283936876247879e-01
3.549934107665059790e-01
3.212113212177439836e-01
2.906440225345827133e-01
2.629855869177771255e-01
2.379591994473528316e-01
2.153143876258467315e-01
1.948245145653648980e-01
1.762845107294339353e-01
1.595088215281534605e-01
1.443295502254930418e-01
1.305947775723264870e-01
1.181670413475243153e-01
1.069219605898423797e-01
9.674699075145559712e-02
8.754029731429593952e-02
7.920973659596780569e-02
7.167193354480395906e-02
6.485144729432529287e-02
5.868001612569240244e-02
5.309587428147998639e-02
4.804313379321627914e-02
4.347122513580996273e-02
3.933439111074619327e-02
3.559122889266418122e-02
3.220427565596509917e-02
2.913963363426178357e-02
2.636663086013923268e-02
2.385751418979563040e-02
2.158717154025094689e-02
1.953288055918001725e-02
1.767408121197324225e-02
1.599217000999972327e-02
1.447031382064025741e-02
1.309328139563819757e-02
1.184729093164752639e-02
1.071987213731278796e-02
9.699741426401720795e-03
8.776688987881772416e-03
7.941476602699578877e-03
7.185745184579673053e-03
6.501931119479402790e-03
5.883190566397395946e-03
5.323330961912535984e-03
4.816749042927817928e-03
4.358374767329987673e-03
3.943620571303944368e-03
3.568335455452154460e-03
3.228763440197498190e-03
2.921505974677204853e-03
2.643487922903552979e-03
