8.999012057653049679e-01
8.142642835121253198e-01
7.367767918920120618e-01
6.666632100443856679e-01
6.032218176761265926e-01
5.458176720090246459e-01
4.938762530590440902e-01
4.468777136472196765e-01
4.043516765943631075e-01
3.658725270281548703e-01
3.310551526864475291e-01
2.995510895843054855e-01
2.710450344693213776e-01
2.452516891606884852e-01
2.219129051891150506e-01
2.007951001601776253e-01
1.816869199832069903e-01
1.643971235685109666e-01
1.487526688222700899e-01
1.345969807831010334e-01
1.217883845672168286e-01
1.101986874385709608e-01
9.971189581286828141e-02
9.022305435478633617e-02
8.163719554970290393e-02
7.386838923688993086e-02
6.683888259158274336e-02
6.047832194857637178e-02
5.472304867909733722e-02
4.951546207385056075e-02
4.480344285576044056e-02
4.053983155272792432e-02
3.668195650978306466e-02
3.319120681681946017e-02
3.003264587762845966e-02
2.717466175270165374e-02
2.458865077631510257e-02
2.224873128142884626e-02
2.013148456726396307e-02
1.821572051707389187e-02
1.648226552033379977e-02
1.491377057680194976e-02
1.349453766189414282e-02
1.221036261557731546e-02
1.104839298236177936e-02
9.996999379606850630e-03
9.045659106750546935e-03
8.184850830585631981e-03
7.405959292556578942e-03
6.701189084356319429e-03
6.063486628859729791e-03
5.486469585553000079e-03
4.964362973924598896e-03
4.491941375519249539e-03
4.064476636193735740e-03
3.677690545161024348e-03
3.327712017218759435e-03
3.011038349627457797e-03
2.724500165884164403e-03
2.465229695537171899e-03
