1.027538718218362401e+00
9.297554807246823927e-01
8.412775485837039602e-01
7.612194049121002726e-01
6.887798008995345000e-01
6.232337366412571411e-01
5.639252050953782458e-01
5.102606265439010302e-01
4.617029078473943726e-01
4.177660670363309015e-01
3.780103694401912851e-01
3.420379266750818159e-01
3.094887144430538695e-01
2.800369692879213224e-01
2.533879282450979820e-01
2.292748787547755351e-01
2.074564893129787480e-01
1.877143941447602937e-01
1.698510077261293771e-01
1.536875472817167132e-01
1.390622434666680396e-01
1.258287213246678804e-01
1.138545353181787678e-01
1.030198437689848340e-01
9.321620944239618345e-02
8.434551427095701714e-02
7.631897735584791675e-02
6.905626641781029140e-02
6.248469380469479084e-02
5.653848900900755592e-02
5.115814041456489408e-02
4.628979968423596603e-02
4.188474282768584606e-02
3.789888255530343003e-02
3.429232703778882507e-02
3.102898065531758259e-02
2.807618274044529350e-02
2.540438069917028488e-02
2.298683423863980696e-02
2.079934774131143513e-02
1.882002810708031243e-02
1.702906563977472920e-02
1.540853578505864581e-02
1.394221973546715641e-02
1.261544210713009574e-02
1.141492406359772421e-02
1.032865041678230310e-02
9.345749374917340646e-03
8.456383734011386002e-03
7.651652423804151601e-03
6.923501422863542233e-03
6.264643151232136484e-03
5.668483533877544805e-03
5.129056004973107756e-03
4.640961792501702154e-03
4.199315885530780987e-03
3.799698143381058553e-03
3.438109057372947495e-03
3.110929722399382626e-03
2.814885617707183190e-03
