8.215484912199267908e-01
7.433678155867766701e-01
6.726270149065703974e-01
6.086180914692961297e-01
5.507004224550513527e-01
4.982943483655408179e-01
4.508753715969868736e-01
4.079689070918214311e-01
3.691455325319160097e-01
3.340166905356881655e-01
3.022307998452282707e-01
2.734697365828991922e-01
2.474456503606444757e-01
2.238980833765543965e-01
2.025913636656414551e-01
1.833122464156031750e-01
1.658677797410659516e-01
1.500833735562633331e-01
1.358010522187757529e-01
1.228778734562035596e-01
1.111844977518606226e-01
1.006038938714184927e-01
9.103016757497800482e-02
8.236750179192381394e-02
7.452919765147661413e-02
6.743680677125382661e-02
6.101934611949121762e-02
5.521258759300298052e-02
4.995841520073706493e-02
4.520424341940335738e-02
4.090249089988196723e-02
3.701010425708852608e-02
3.348812717722565724e-02
3.030131052990070462e-02
2.741775958298118404e-02
2.480861478939539594e-02
2.244776295108524833e-02
2.031157586934324508e-02
1.837867386585804313e-02
1.662971180770795795e-02
1.504718549476858312e-02
1.361525647179454186e-02
1.231959351183596445e-02
1.114722918450221714e-02
1.008643007356007683e-02
9.126579344960356402e-03
8.258070489994244132e-03
7.472211180125345499e-03
6.761136271244044642e-03
6.117729086661739119e-03
5.535550191018498954e-03
5.008772942249638434e-03
4.532125176593540701e-03
4.100836443004665134e-03
3.710590258876110374e-03
3.357480909230844621e-03
3.037974357013461472e-03
2.748872873259515775e-03
2.487283033149228009e-03
2.250586757639398867e-03
