9.296243719645126413e-01
8.411589164716700706e-01
7.611120621381513018e-01
6.886826731411097580e-01
6.231458518111043787e-01
5.638456836125783633e-01
5.101886725307259729e-01
4.616378011638957446e-01
4.177071560729371247e-01
3.779570645961800035e-01
3.419896944576579778e-01
3.094450721279738969e-01
2.799974800882271131e-01
2.533521969396064777e-01
2.292425477325714389e-01
2.074272349943252214e-01
1.876879237426034575e-01
1.698270563157873447e-01
1.536658751494245634e-01
1.390426337104414267e-01
1.258109776834755167e-01
1.138384802076956859e-01
1.030053165042690566e-01
9.320306462969961403e-02
8.433362035257607747e-02
7.630821529344980481e-02
6.904652850105723327e-02
6.247588257324292182e-02
5.653051627709091559e-02
5.115092638840272599e-02
4.628327216342977002e-02
4.187883648261338937e-02
3.789353827327805041e-02
3.428749133143971228e-02
3.102460512727025360e-02
2.807222359894442562e-02
2.540079831979700012e-02
2.298359276773725285e-02
2.079641473714933381e-02
1.881737421516718051e-02
1.702666429906831910e-02
1.540636296213402159e-02
1.394025368398218827e-02
1.261366315018072094e-02
1.141331439678484709e-02
1.032719393001944874e-02
9.344431491195426612e-03
8.455191263507185612e-03
7.650573431872040656e-03
6.922525110589610071e-03
6.263759747354999755e-03
5.667684196994269077e-03
5.128332735051506844e-03
4.640307350813293978e-03
4.198723722203185835e-03
3.799162331844666788e-03
3.437624235045801634e-03
3.110491037016684373e-03
2.814488678758169434e-03
2.546654669178982817e-03
