1.058351041941420601e+00
9.576356241659425006e-01
8.665045455895660220e-01
7.840457357476853240e-01
7.094339191560399271e-01
6.419223556762827521e-01
5.808353668896886202e-01
5.255615736804351013e-01
4.755477773479206416e-01
4.302934230082318678e-01
3.893455898726235209e-01
3.522944582640322730e-01
3.187692080040040454e-01
2.884343071197107977e-01
2.609861537271900844e-01
2.361500374816467573e-01
2.136773901839883194e-01
1.933432980267422441e-01
1.749442505810745174e-01
1.582961039960153748e-01
1.432322380249063387e-01
1.296018884339681931e-01
1.172686381031762815e-01
1.061090517178713555e-01
9.601144038664283231e-02
8.687474382136337048e-02
7.860751889185785268e-02
7.112702443232156446e-02
6.435839313992244848e-02
5.823388227767064412e-02
5.269219568233755174e-02
4.767787029185183850e-02
4.314072105233259652e-02
3.903533864920218782e-02
3.532063503550340183e-02
3.195943220891536707e-02
2.891809012181026373e-02
2.616617000034997947e-02
2.367612970300666045e-02
2.142304806955303703e-02
1.938437550171462354e-02
1.753970827921096098e-02
1.587058435246519253e-02
1.436029856820651186e-02
1.299373547868146010e-02
1.175721806117237950e-02
1.063837083375696047e-02
9.625995997325709902e-03
8.709961364244673057e-03
7.881098952016116557e-03
7.131113227028171991e-03
6.452498080066247123e-03
5.838461702649131238e-03
5.282858612326870283e-03
4.780128146626878849e-03
4.325238810074884255e-03
3.913637917297082235e-03
3.541206028214722960e-03
3.204215719303183264e-03
2.899294278284528844e-03
