9.192367731563506617e-01
8.317598283864993114e-01
7.526074155432729285e-01
6.809873506748915784e-01
6.161828360998174992e-01
5.575452864546337484e-01
5.044878374337301574e-01
4.564794722540813643e-01
4.130397070608003984e-01
3.737337820832237201e-01
3.381683104129981632e-01
3.059873408556801344e-01
2.768687954515426375e-01
2.505212460111001516e-01
2.266809974038352660e-01
2.051094484087024050e-01
1.855907037129101156e-01
1.679294131590663430e-01
1.519488166151435060e-01
1.374889748996659389e-01
1.244051690566246177e-01
1.125664519595232504e-01
1.018543377485238988e-01
9.216161598413692702e-02
8.339127864910807209e-02
7.545554925957621839e-02
6.827500436852010357e-02
6.177777866920557831e-02
5.589884574304094383e-02
5.057936725332355665e-02
4.576610407138986814e-02
4.141088344152141915e-02
3.747011685181431823e-02
3.390436378570135800e-02
3.067793698800590219e-02
2.775854529489714048e-02
2.511697045306895623e-02
2.272677469364039679e-02
2.056403613407856157e-02
1.860710935995782411e-02
1.683640879037697630e-02
1.523421265888262946e-02
1.378448564807409175e-02
1.247271840275710787e-02
1.128578231544033299e-02
1.021179813081892797e-02
9.240017054194631096e-03
8.360713173925707689e-03
7.565086121234165448e-03
6.845172993157197169e-03
6.193768657137841208e-03
5.604353639636653825e-03
5.071028877049263937e-03
4.588456675895045099e-03
4.151807291386735467e-03
3.756710589721247006e-03
3.399212310311718142e-03
3.075734490218504785e-03
2.783039654693458473e-03
2.518198415444518768e-03
