9.305600906356568114e-01
8.420055897380761545e-01
7.618781637904463722e-01
6.893758705821253496e-01
6.237730827938221534e-01
5.644132256754929022e-01
5.107022058255602515e-01
4.621024653044691899e-01
4.181276015741474672e-01
3.783374994179199979e-01
3.423339261194921490e-01
3.097565458160741469e-01
2.802793131359539447e-01
2.536072100268288443e-01
2.294732931159790823e-01
2.076360220512714905e-01
1.878768420841300524e-01
1.699979967001539194e-01
1.538205484054528671e-01
1.391825878600652933e-01
1.259376134348645926e-01
1.139530649740136403e-01
1.031089970883704438e-01
9.329687870171836372e-02
8.441850683527696297e-02
7.638502375928303556e-02
6.911602767496508037e-02
6.253876802631731791e-02
5.658741738808277522e-02
5.120241264275598309e-02
4.632985885288311290e-02
4.192098986241319519e-02
3.793168022861759248e-02
3.432200359982798960e-02
3.105583311908926766e-02
2.810047985443238708e-02
2.542636563705609476e-02
2.300672703307207745e-02
2.081734748606305432e-02
1.883631494964666669e-02
1.704380258435043982e-02
1.542187032393826061e-02
1.395428532519768505e-02
1.262635950418895987e-02
1.142480253296413069e-02
1.033758882549795817e-02
9.353837181580955396e-03
8.463701884110472889e-03
7.658274159844601602e-03
6.929493017405299535e-03
6.270064570167223870e-03
5.673389036588856113e-03
5.133494687380582740e-03
4.644978078430759411e-03
4.202949971320923093e-03
3.802986400184336143e-03
3.441084395168661318e-03
3.113621919368243871e-03
2.817321618261328653e-03
2.549218018844473521e-03
