8.736976582583373396e-01
7.905543332425380987e-01
7.153231417083176780e-01
6.472511446047251038e-01
5.856570545049589738e-01
5.299244170528123465e-01
4.794954412802776567e-01
4.338654170480594763e-01
3.925776637368609823e-01
3.552189596342504307e-01
3.214154062728749595e-01
2.908286863289270552e-01
2.631526776286562952e-01
2.381103893747626432e-01
2.154511899293971855e-01
1.949482984084909276e-01
1.763965149824426870e-01
1.596101671672548739e-01
1.444212515519068263e-01
1.306777523637491778e-01
1.182421200435573305e-01
1.069898946033103759e-01
9.680845998879880621e-02
8.759591698030219642e-02
7.926006335094891442e-02
7.171747107583922864e-02
6.489265135633097425e-02
5.871729910277021652e-02
5.312960931419576094e-02
4.807365851311615895e-02
4.349884504455046874e-02
3.935938263765733497e-02
3.561384216134724084e-02
3.222473698761362665e-02
2.915814781276019826e-02
2.638338318160881463e-02
2.387267231710027415e-02
2.160088718102353561e-02
1.954529098416339650e-02
1.768531062887192598e-02
1.600233080659239221e-02
1.447950768959434600e-02
1.310160035228437325e-02
1.185481823490001398e-02
1.072668312295253605e-02
9.705904261062279006e-03
8.782265351283805033e-03
7.946522304962311614e-03
7.190310724787256358e-03
6.506062191092772638e-03
5.886928514569764008e-03
5.326713197285569239e-03
4.819809416049946650e-03
4.361143907444037932e-03
3.946126192894919976e-03
3.570602635623112715e-03
3.230814869649607356e-03
2.923362184805936709e-03
2.645167491283764022e-03
2.393446523085858944e-03
