9.559663788297273479e-01
8.649941499494764319e-01
7.826790732564938846e-01
7.081973117961836151e-01
6.408034270656662867e-01
5.798229184146918014e-01
5.246454724164244521e-01
4.747188546455337610e-01
4.295433827304527830e-01
3.886669253642548449e-01
3.516803772225674529e-01
3.182135644999801172e-01
2.879315400861813257e-01
2.605312313026977300e-01
2.357384066496623631e-01
2.133049312047916313e-01
1.930062832056816113e-01
1.746393069605461090e-01
1.580201795977699553e-01
1.429825713048247515e-01
1.293759806436001469e-01
1.170642282814254170e-01
1.059240940625371385e-01
9.584408377934419687e-02
8.672331330092400425e-02
7.847049889073168250e-02
7.100304360828328665e-02
6.424621065121367824e-02
5.813237536423854213e-02
5.260034842887482964e-02
4.759476346017495890e-02
4.306552288133693590e-02
3.896729653031745511e-02
3.525906798033404121e-02
3.190372403367982418e-02
2.886768328036665859e-02
2.612056000408680481e-02
2.363486007175125136e-02
2.138570576296459913e-02
1.935058678543762761e-02
1.750913498441614841e-02
1.584292049134218908e-02
1.433526727153506576e-02
1.297108622483118985e-02
1.173672416879805065e-02
1.061982719309547372e-02
9.609217017388574714e-03
8.694779115361086705e-03
7.867361485136305926e-03
7.118683052966289990e-03
6.441250793462361714e-03
5.828284736878556853e-03
5.273650112895586495e-03
4.771795951777487235e-03
4.317699528400787030e-03
3.906816093133250699e-03
3.535033386452023085e-03
3.198630482068164083e-03
2.894240546645672485e-03
2.618817143401855774e-03
