8.263747429836370006e-01
7.477347887714437258e-01
6.765784156476167821e-01
6.121934667134498742e-01
5.539355557594811685e-01
5.012216180317232705e-01
4.535240747236303771e-01
4.103655527900773037e-01
3.713141072374728235e-01
3.359788980730822883e-01
3.040062786470146827e-01
2.750762562376851683e-01
2.488992894571050440e-01
2.252133904233519224e-01
2.037815026977902177e-01
1.843891287445564853e-01
1.668421831671245970e-01
1.509650502364236202e-01
1.365988262695945199e-01
1.235997292685225013e-01
1.118376599012735340e-01
1.011948994242520966e-01
9.156493151344888282e-02
8.285137621326854607e-02
7.496702533353982734e-02
6.783296964063656453e-02
6.137780910734521450e-02
5.553693831739424380e-02
5.025189987273334657e-02
4.546979933224561121e-02
4.114277582640232800e-02
3.722752304959417446e-02
3.368485583606896372e-02
3.047931798162215739e-02
2.757882738598798483e-02
2.495435496439679310e-02
2.257963411473761992e-02
2.043089783257585543e-02
1.848664084298442048e-02
1.672740436852413956e-02
1.513558137925881571e-02
1.369524037568168803e-02
1.239196594091364692e-02
1.121271446636585775e-02
1.014568360692093101e-02
9.180194159096098303e-03
8.306583179985307236e-03
7.516107277278838081e-03
6.800855102454267040e-03
6.153668171341402163e-03
5.568069219606621226e-03
5.038197376114352671e-03
4.558749505358858020e-03
4.124927131901615085e-03
3.732388415616334863e-03
3.377204697093612405e-03
3.055821178297097370e-03
2.765021344949950000e-03
2.501894774578827460e-03
2.263808008027566425e-03
