8.668068919291010976e-01
7.843193100289028719e-01
7.096814594022977651e-01
6.421463393535667974e-01
5.810380357019244713e-01
5.257449560052149806e-01
4.757137085371879182e-01
4.304435637571001338e-01
3.894814428401714435e-01
3.524173831124208234e-01
3.188804350064325388e-01
2.885349494734039677e-01
2.610772186946508922e-01
2.362324364716774927e-01
2.137519478733764799e-01
1.934107606139030544e-01
1.750052932542550954e-01
1.583513376908060599e-01
1.432822155386893059e-01
1.296471099584994846e-01
1.173095562306728373e-01
1.061460759707062024e-01
9.604494131598260986e-02
8.690505671576895241e-02
7.863494713296501071e-02
7.115184253118625457e-02
6.438084948441974431e-02
5.825420161844409306e-02
5.271058138217916272e-02
4.769450636102531144e-02
4.315577399020981142e-02
3.904895911064486247e-02
3.533295933866765354e-02
3.197058369956957968e-02
2.892818040782107331e-02
2.617530006869126652e-02
2.368439093047107480e-02
2.143052313728174146e-02
1.939113922269790347e-02
1.754582834704179403e-02
1.587612201883945029e-02
1.436530925595052785e-02
1.299826933644234947e-02
1.176132046532248586e-02
1.064208284253588370e-02
9.629354761764956361e-03
8.713000499987671316e-03
7.883848875754871990e-03
7.133601460923738244e-03
6.454749527199786507e-03
5.840498896260287731e-03
5.284701941334027375e-03
4.781796059686305861e-03
4.326748000221080151e-03
3.915003489012294433e-03
3.542441648599659997e-03
3.205333754861962314e-03
2.900305918692806014e-03
2.624305318984408719e-03
2.374569648967888962e-03
