9.454300875412420258e-01
8.554605193443286515e-01
7.740526875552233843e-01
7.003918352312636930e-01
6.337407398041238205e-01
5.734323347085622524e-01
5.188630331560276643e-01
4.694866872352065346e-01
4.248091218801604008e-01
3.843831890001675466e-01
3.478042922713399099e-01
3.147063378006234036e-01
2.847580701350685417e-01
2.576597569459181947e-01
2.331401892067174741e-01
2.109539668422213687e-01
1.908790426819590158e-01
1.727145001375194611e-01
1.562785423618045233e-01
1.414066727650785393e-01
1.279500486778095414e-01
1.157739916832044996e-01
1.047566397103474184e-01
9.478772739763401123e-02
8.576748251997154404e-02
7.760562743481537462e-02
7.022047555317896539e-02
6.353811379279566962e-02
5.749166283114821169e-02
5.202060775473009435e-02
4.707019240545141231e-02
4.259087136260448353e-02
3.853781407564073336e-02
3.487045618495260985e-02
3.155209354012857709e-02
2.854951485247903334e-02
2.583266930529640529e-02
2.337436579518117896e-02
2.115000079433978705e-02
1.913731211020890804e-02
1.731615607794973616e-02
1.566830595587971955e-02
1.417726950611565388e-02
1.282812393471363666e-02
1.160736653933157683e-02
1.050277956964577875e-02
9.503307947999107066e-03
8.598948626468129464e-03
7.780650472997278563e-03
7.040223684627127526e-03
6.370257821193622480e-03
5.764047639152211633e-03
5.215525983246756953e-03
4.719203064380452298e-03
4.270111515961397784e-03
3.863756678828130734e-03
3.496071617190038127e-03
3.163376415367036634e-03
2.862341347956556814e-03
2.589953554822580547e-03
