8.508332498378220476e-01
7.698657609623993370e-01
6.966033473835067102e-01
6.303127742416988477e-01
5.703305831999414544e-01
5.160564523295780859e-01
4.669471878866926495e-01
4.225112878465470678e-01
3.823040227861177476e-01
3.459229848825514098e-01
3.130040604804201765e-01
2.832177859198746206e-01
2.562660501536004887e-01
2.318791111512576442e-01
2.098128962305772227e-01
1.898465592959222570e-01
1.717802705363329907e-01
1.554332164616141210e-01
1.406417902601513614e-01
1.272579543669503099e-01
1.151477588539293051e-01
1.041900008140166783e-01
9.427501132171937914e-02
8.530355782965540201e-02
7.718585101586655783e-02
6.984064614210497290e-02
6.319442992918535007e-02
5.718068481137843911e-02
5.173922320625566618e-02
4.681558513713457437e-02
4.236049317932751024e-02
3.832935927511257196e-02
3.468183848146551979e-02
3.138142518430944022e-02
2.839508773805918956e-02
2.569293787381002683e-02
2.324793156749657697e-02
2.103559837421027645e-02
1.903379651976185721e-02
1.722249129836315312e-02
1.558355455855769955e-02
1.410058327058784887e-02
1.275873535935975918e-02
1.154458115996718874e-02
1.044596900909128961e-02
9.451903627069815558e-03
8.552436073442569800e-03
7.738564174611378167e-03
7.002142427060932019e-03
6.335800474421863712e-03
5.732869342466888861e-03
5.187314693775245747e-03
4.693676434055589139e-03
4.247014065687087191e-03
3.842857241558708236e-03
3.477161024332773090e-03
3.146265403352537220e-03
2.846858664025377506e-03
2.575944243070022160e-03
2.330810737904074215e-03
