9.757630695177288427e-01
8.829069364372642559e-01
7.988872327319332944e-01
7.228630609670552154e-01
6.540735456790007785e-01
5.918302182778122367e-01
5.355101266221540257e-01
4.845496003048995748e-01
4.384386092502415289e-01
3.967156591612654992e-01
3.589631727299133490e-01
3.248033103829308654e-01
2.938941887364235339e-01
2.659264589120385325e-01
2.406202104694145916e-01
2.177221699684143141e-01
1.970031661234063480e-01
1.782558361800121727e-01
1.612925505589632158e-01
1.459435349962067419e-01
1.320551713850084408e-01
1.194884603143071405e-01
1.081176299158898985e-01
9.782887709726122150e-02
8.851922856204307022e-02
8.009551021861403830e-02
7.247341466248354014e-02
6.557665739945105210e-02
5.933621336474798058e-02
5.368962609698935823e-02
4.858038265291594188e-02
4.395734800686337818e-02
3.977425327423839141e-02
3.598923263697017400e-02
3.256440433633157189e-02
2.946549153956528472e-02
2.666147928582065715e-02
2.412430407800117763e-02
2.182857301385295740e-02
1.975130964526413541e-02
1.787172402224954798e-02
1.617100462014350870e-02
1.463213006753822862e-02
1.323969879067762520e-02
1.197977486933055405e-02
1.083974856141713648e-02
9.808210100471682555e-03
8.874835502865021514e-03
8.030283241906249411e-03
7.266100754703888089e-03
6.574639846075405226e-03
5.948980142839205287e-03
5.382859832393821660e-03
4.870612992392701728e-03
4.407112884289012163e-03
3.987720643213082776e-03
3.608238850653619316e-03
3.264869525282459994e-03
2.954176111480868571e-03
2.673049085135861726e-03
