1.111857765572669132e+00
1.006050509824005124e+00
9.103121457229135238e-01
8.236844915426952962e-01
7.453005486037546090e-01
6.743758240594055486e-01
6.102004794277849919e-01
5.521322262897416788e-01
4.995898980504560050e-01
4.520476334288228148e-01
4.090296134610020284e-01
3.701052993442995875e-01
3.348851234601219473e-01
3.030165904503103746e-01
2.741807493251186001e-01
2.480890012945050349e-01
2.244802113744397420e-01
2.031180948602144543e-01
1.837888525096995906e-01
1.662990307686683655e-01
1.504735856226045165e-01
1.361541306973703125e-01
1.231973520751391410e-01
1.114735739605359488e-01
1.008654608416919285e-01
9.126684315700374361e-02
8.258165471447613537e-02
7.472297122898372002e-02
6.761214035480890561e-02
6.117799450653019222e-02
5.535613858990692110e-02
5.008830551413211152e-02
4.532177303520362049e-02
4.100883609398540963e-02
3.710632936794162201e-02
3.357519525808021210e-02
3.038009298737448863e-02
2.748904489838828805e-02
2.487311641013222746e-02
2.250612643105190033e-02
2.036438532986387107e-02
1.842645784176338841e-02
1.667294853708965047e-02
1.508630770534663372e-02
1.365065571180184255e-02
1.235162406876460714e-02
1.117621163093177397e-02
1.011265447555577228e-02
9.150308165151671211e-03
8.279541214389198739e-03
7.491638694950238965e-03
6.778715013597056034e-03
6.133634990504756128e-03
5.549942447983339210e-03
5.021795594881418336e-03
4.543908559976861036e-03
4.111498489200955675e-03
3.720237677227342284e-03
3.366210254342482094e-03
3.045872995105423659e-03
