9.968729486803303841e-01
9.020079449938037675e-01
8.161705399961152185e-01
7.385016440870998400e-01
6.682239208510826201e-01
6.046340072127589504e-01
5.470954739431285185e-01
4.950324560618600267e-01
4.479238893870129967e-01
4.052982955495695871e-01
3.667290632794478755e-01
3.318301787365215416e-01
3.002523621543651267e-01
2.716795721309536726e-01
2.458258425800863012e-01
2.224324206866795939e-01
2.012651772216235146e-01
1.821122632977636158e-01
1.647819901150333055e-01
1.491009104745137370e-01
1.349120828605697986e-01
1.220735007174113818e-01
1.104566711997533729e-01
9.994532917323176169e-02
9.043427359386109476e-02
8.182831462062685468e-02
7.404132092356216499e-02
6.699535765244785113e-02
6.061990643863656575e-02
5.485115962351735236e-02
4.963138165002173308e-02
4.490833122576295966e-02
4.063473847462301808e-02
3.676783184394435272e-02
3.326891003245494027e-02
3.010295465463717554e-02
2.723827976495546768e-02
2.464621473426342399e-02
2.230081730451074010e-02
2.017861394990514562e-02
1.825836494597657400e-02
1.652085179527570599e-02
1.494868488219202110e-02
1.352612943183581669e-02
1.223894803112251552e-02
1.107425813595718997e-02
1.002040313840321661e-02
9.066835703432196691e-03
8.204012207649838406e-03
7.423297223505374506e-03
6.716877093030112697e-03
6.077681726122246240e-03
5.499313840708788641e-03
4.975984936596354428e-03
4.502457362215674629e-03
4.073991894444230384e-03
3.686300306868342796e-03
3.335502451771917357e-03
3.018087426313913017e-03
2.730878434232676677e-03
