9.793834276129191885e-01
8.861827719084818256e-01
8.018513312416204464e-01
7.255450882093648080e-01
6.565003442840342540e-01
5.940260764616840383e-01
5.374970212716216889e-01
4.863474169294333405e-01
4.400653410028868007e-01
3.981875869201662033e-01
3.602950280428124374e-01
3.260084229054520111e-01
2.949846196397443721e-01
2.669131215951459635e-01
2.415129797840699366e-01
2.185299810499888029e-01
1.977341038167190479e-01
1.789172159551743746e-01
1.618909917270622001e-01
1.464850269575958541e-01
1.325451335732389935e-01
1.199317964356409194e-01
1.085187770272396379e-01
9.819185001374750033e-02
8.884766003861349626e-02
8.039268730787575701e-02
7.274231161263054746e-02
6.581996542153982499e-02
5.955636756724222436e-02
5.388882985714401469e-02
4.876062966891733796e-02
4.412044225143076093e-02
3.992182704938927046e-02
3.612276291064751149e-02
3.268522752439541323e-02
2.957481688109184215e-02
2.676040094557344609e-02
2.421381209719972519e-02
2.190956321883808303e-02
1.982459261322907715e-02
1.793803319376896174e-02
1.623100363969323667e-02
1.468641942547229372e-02
1.328882183313751485e-02
1.202422323623603129e-02
1.087996710696380320e-02
9.844601345381290974e-03
8.907763662948145131e-03
8.060077873256537087e-03
7.293060052006215821e-03
6.599033627038507731e-03
5.971052548621993451e-03
5.402831771052161655e-03
4.888684349801486299e-03
4.423464524667182311e-03
4.002516219273518847e-03
3.621626441494499131e-03
3.276983118412643645e-03
2.965136943811922006e-03
2.682966856361816699e-03
