8.719982658037723766e-01
7.890166593617197188e-01
7.139317968442167039e-01
6.459922037102943104e-01
5.845179176765823437e-01
5.288936834262343289e-01
4.785627949269219972e-01
4.330215237297485031e-01
3.918140774856226916e-01
3.545280382222321669e-01
3.207902347263585918e-01
2.902630077209477077e-01
2.626408304575740815e-01
2.376472509020516044e-01
2.150321249095561993e-01
1.945691126979488261e-01
1.760534135631596497e-01
1.592997161649063187e-01
1.441403438685150695e-01
1.304235765808025305e-01
1.180121322843886295e-01
1.067817930731242843e-01
9.662016193753589222e-02
8.742553785777626429e-02
7.910589794563531452e-02
7.157797644854480001e-02
6.476643139793998583e-02
5.860309056151511570e-02
5.302626915260884310e-02
4.798015246812643159e-02
4.341423727623121287e-02
3.928282636302555392e-02
3.554457117947496664e-02
3.216205801123150215e-02
2.910143352960545965e-02
2.633206597607332111e-02
2.382623858934272004e-02
2.155887220668960616e-02
1.950727426326823166e-02
1.765091167729495453e-02
1.597120534806433997e-02
1.445134421006463894e-02
1.307611698218380351e-02
1.183175992809536170e-02
1.070581910415913281e-02
9.687025716167401573e-03
8.765183337464848776e-03
7.931065859683512909e-03
7.176325154749173436e-03
6.493407524009752775e-03
5.875478098280259749e-03
5.316352432174736853e-03
4.810434608098184371e-03
4.352661230422382420e-03
3.938450749320612093e-03
3.563657607077054881e-03
3.224530747951806584e-03
2.917676076354275023e-03
2.640022487593689932e-03
2.388791131231146527e-03
