9.480121784504257354e-01
8.577968918157284905e-01
7.761667247898151878e-01
7.023046952242435470e-01
6.354715671012360900e-01
5.749984520111475206e-01
5.202801146924402875e-01
4.707689156337605541e-01
4.259693301136404098e-01
3.854329888225336842e-01
3.487541904320642927e-01
3.155658411997703250e-01
2.855357809715458051e-01
2.583634588111748398e-01
2.337769249855433940e-01
2.115301092003053496e-01
1.914003578456688615e-01
1.731862056042336728e-01
1.567053591183796557e-01
1.417928725370724563e-01
1.282994966823465810e-01
1.160901853133676220e-01
1.050427435382636360e-01
9.504660484657592723e-02
8.600172452245989640e-02
7.781757836354250002e-02
7.041225668427873730e-02
6.371164453628801183e-02
5.764867994103967802e-02
5.216268271103175619e-02
4.719874714207897975e-02
4.270719249857086314e-02
3.864306579197156200e-02
3.496569187620125752e-02
3.163826635710286633e-02
2.862748724169493844e-02
2.590322164063261698e-02
2.343820418812320519e-02
2.120776416098101719e-02
1.918957856573762222e-02
1.736344872262022762e-02
1.571109811037545850e-02
1.421598944870177544e-02
1.286315918758976391e-02
1.163906774708424810e-02
1.053146400861732640e-02
9.529262701695934146e-03
8.622433458788924046e-03
7.801900428037434991e-03
7.059451439079042663e-03
6.387655812886521879e-03
5.779789993034626337e-03
5.229770254087529567e-03
4.732091813629822272e-03
4.281773738553910739e-03
3.874309094207300640e-03
3.505619837475769038e-03
3.172016002357215710e-03
2.870158769541647677e-03
2.597027050385332641e-03
