1.082876637615579174e+00
9.798273008315420141e-01
8.865844050055559089e-01
8.022147438961747534e-01
7.258739175773933905e-01
6.567978814003755383e-01
5.942952991778041039e-01
5.377406240589523989e-01
4.865678378465481124e-01
4.402647860964100102e-01
3.983680523036297605e-01
3.604583198744303330e-01
3.261561754647595568e-01
2.951183116840164766e-01
2.670340911592969935e-01
2.416224375721574003e-01
2.186290225523457309e-01
1.978237202739900336e-01
1.789983042789850820e-01
1.619643634766119167e-01
1.465514164620152215e-01
1.326052052810024473e-01
1.199861515645906512e-01
1.085679595817754944e-01
9.823635222940615974e-02
8.888792730852697332e-02
8.042912264041560122e-02
7.277527966485118627e-02
6.584979614878880283e-02
5.958335952546434111e-02
5.391325319092946794e-02
4.878272881519957194e-02
4.414043838589358504e-02
3.993992030006730115e-02
3.613913436087490272e-02
3.270004102514869476e-02
2.958822069086549170e-02
2.677252921420088250e-02
2.422478620846982289e-02
2.191949300534495881e-02
1.983357745561361435e-02
1.794616301535362918e-02
1.623835980646501365e-02
1.469307556042071146e-02
1.329484455309833113e-02
1.202967281861493792e-02
1.088489809301289822e-02
9.849063086066334530e-03
8.911800812869538277e-03
8.063730837567641835e-03
7.296365390801652293e-03
6.602024421259899099e-03
5.973758731143158189e-03
5.405280426257342945e-03
4.890899984655006603e-03
4.425469313987353062e-03
4.004330227665683570e-03
3.623267824164364253e-03
3.278468302869650460e-03
2.966480794281310500e-03
