9.709397470819072851e+01
9.999603172754814295e+01
9.207066325646160010e+01
1.101545635053050063e+02
9.227081974707898837e+01
9.344308067652073646e+01
1.278052458608757433e+02
1.201418048070033677e+02
1.041219607049718832e+02
1.152123527022682481e+02
9.592119785950251298e+01
1.254651630913285487e+02
1.053965804486637126e+02
1.043931085363476825e+02
1.273058388053559753e+02
1.231536105137647610e+02
1.158243004626946799e+02
1.214360005658658110e+02
1.117508234748222691e+02
1.220190397993458618e+02
1.212537192685246481e+02
1.217587056919443285e+02
1.183740300267050429e+02
1.135432638294172136e+02
1.201514312019933470e+02
1.320272654508179926e+02
1.182926416055859704e+02
1.110441819202550278e+02
1.251360039226122041e+02
1.248023830256644686e+02
1.271039446278447826e+02
1.256273085226923030e+02
1.121117742258617795e+02
1.414135513603346794e+02
1.249402402870352375e+02
1.459139622079108278e+02
1.221680842168135257e+02
1.205888036793568574e+02
1.312678054567303150e+02
1.339332027704714676e+02
1.235792877474527103e+02
1.239746809132317651e+02
1.156774922466717044e+02
1.330165989298644149e+02
1.087546184646644463e+02
1.073879085442627854e+02
1.295000221653820347e+02
1.169906132744577576e+02
1.277630584828603020e+02
1.053030308706775315e+02
1.279628093438585665e+02
1.385809651302520251e+02
1.246813964621353392e+02
1.137169035130037571e+02
1.095162616791303236e+02
9.793661664481643925e+01
1.071069896900148706e+02
1.008852798947500702e+02
1.227979855561629279e+02
1.094240042233489021e+02
9.326484890692080398e+01
1.150737552802222581e+02
1.043650148674924765e+02
1.069564889286212690e+02
9.424213365890391003e+01
1.023444345760003671e+02
1.050345243218710181e+02
1.008323209485096044e+02
1.001016377425850692e+02
1.072486935586397152e+02
9.055480271619066457e+01
8.481409753916089755e+01
9.191454071926855818e+01
9.345214571385022850e+01
1.061066060913009466e+02
8.683147367282779783e+01
7.998894729212952370e+01
8.754992854681586323e+01
8.723675084020290171e+01
1.083217707292806722e+02
8.232071308434177581e+01
9.836309921425488767e+01
9.389697102554509911e+01
1.017800357106452793e+02
9.350163556217160021e+01
8.047484640851253346e+01
6.398910475798625441e+01
9.634600196263318139e+01
8.261029417817613307e+01
9.052056556068612281e+01
7.774233324846824189e+01
6.580855531557968163e+01
8.589349229005918573e+01
8.097178152752468350e+01
7.539476578688049813e+01
6.656565316277860234e+01
5.755949140249008167e+01
8.832392351931886765e+01
9.050441833616221743e+01
8.759503452213675700e+01
8.890469032096277147e+01
8.194497638908013926e+01
8.510688631859508746e+01
7.878684241248384978e+01
9.770661746740206866e+01
7.651102677448596978e+01
8.796321309583227332e+01
6.186976451307830871e+01
7.505874222737152479e+01
8.796806119154331327e+01
7.114149686913663118e+01
8.624608242679116188e+01
7.660134990610819727e+01
6.911999140692664412e+01
8.634705959682548837e+01
7.405076170085793308e+01
9.236894974597410624e+01
8.955645349445671854e+01
8.864317864699009419e+01
8.616843938709359918e+01
9.323745808508614630e+01
7.864727217427183348e+01
8.398256146853636039e+01
9.589763461875230632e+01
9.225446985901375285e+01
9.978349682228346751e+01
1.004701785607363718e+02
8.307663595313199778e+01
1.045233324752893225e+02
8.971069524410555118e+01
1.078331372367300105e+02
9.939658481371283472e+01
9.517990269904065315e+01
1.088168405426986993e+02
9.408485774927596879e+01
1.000824447708085785e+02
1.097619375853856383e+02
1.122453177933660697e+02
1.085702705131100032e+02
1.137191039320936170e+02
8.452111645068799817e+01
9.848968634691273394e+01
9.768086627743210215e+01
1.156301669681962352e+02
1.240015028746091588e+02
1.041164791973352521e+02
1.096676605298354588e+02
1.100064281106319584e+02
1.108208389719151228e+02
1.370810836436975535e+02
1.128731061821513322e+02
9.553267489062673690e+01
1.158393201921218321e+02
1.178951663728213362e+02
1.202566279671143974e+02
1.074479774920305175e+02
1.289932472761262545e+02
1.191694288231768297e+02
1.238084356057297555e+02
1.278872602357375001e+02
1.339375160182742661e+02
1.092321593070046220e+02
1.246375930540354489e+02
1.076483275805632047e+02
1.275276971132353481e+02
1.083091765611705455e+02
1.122626410091335458e+02
1.226371542657136047e+02
1.238324406128980684e+02
1.138775525604819165e+02
1.107341097515926265e+02
1.108272213529133126e+02
1.166210575631870796e+02
1.273301862561106645e+02
1.223000532843694259e+02
1.238395589249294488e+02
1.261425721665275148e+02
1.042949899321731664e+02
1.230136013608750432e+02
1.226071123527719777e+02
1.208653974781491911e+02
1.117697764054580887e+02
1.083500064066346198e+02
1.095794818750621857e+02
1.112358678479629930e+02
1.222258982797626743e+02
1.142041632161108708e+02
1.010232143524887221e+02
9.994508266364061910e+01
1.200491562366524363e+02
1.193664143582636825e+02
1.273327127372700005e+02
9.419763732207539420e+01
1.049574562639602817e+02
1.079239361020641184e+02
9.433353776651463818e+01
8.436722229079801139e+01
1.091874184989528089e+02
1.095655583498589323e+02
8.384269931033307444e+01
8.877617508929306211e+01
8.260030717024839930e+01
8.513490282505235029e+01
9.325987409947877893e+01
9.448053858753428358e+01
1.049695282264892882e+02
8.181569769087704458e+01
9.095319038438056225e+01
9.706047625672118784e+01
9.519656944326924020e+01
9.730707529094118513e+01
7.514341965252278044e+01
8.280130582272232687e+01
7.568460717499408474e+01
9.175650260967654503e+01
8.446202671265976392e+01
7.949444622049419706e+01
1.154034770819719000e+02
7.896116946310526430e+01
6.941617952309562156e+01
9.398120613245512800e+01
9.009398389764396597e+01
8.851019635328329116e+01
8.909244575445298153e+01
6.841484328451164743e+01
8.490779768387295690e+01
7.586712840230904931e+01
8.769402185500594271e+01
5.629140274626776375e+01
6.505590317900870900e+01
6.475091721824804836e+01
9.895459363425257493e+01
7.014697643048737064e+01
7.929709588400986320e+01
7.680847039522798525e+01
9.356818917692741877e+01
8.717169618288222921e+01
8.483844322873370913e+01
9.001528533881119643e+01
8.495884068842292436e+01
9.233678285108210559e+01
8.213581747187141957e+01
9.378161151057598488e+01
7.944311224405117855e+01
7.273245169860604165e+01
7.644329174127594229e+01
9.041965018135032039e+01
9.258914636742383664e+01
7.988170088713012262e+01
9.351054657132047510e+01
1.050207735698499079e+02
6.599058580660711471e+01
9.998479823756974838e+01
1.030635963059270352e+02
9.014586645456367364e+01
9.617395448089574472e+01
9.349174414942736178e+01
9.097400060470633321e+01
9.046928506356167077e+01
9.345404481113979500e+01
9.352086203262035724e+01
8.231701521534182575e+01
1.035987436067769778e+02
1.014603107349821585e+02
1.195111714963772727e+02
9.203329139590228181e+01
1.105574528046019367e+02
8.750022066332071802e+01
9.771873208948952083e+01
8.439593994695030688e+01
1.092568281024603891e+02
9.861246729710509840e+01
1.174122853448070600e+02
9.896691946210238200e+01
1.079371747693693209e+02
1.169838180948033965e+02
1.064134033683308331e+02
1.081624404383073283e+02
1.210350014198911026e+02
1.103711568427206942e+02
9.629059745037912421e+01
1.101403268791202805e+02
1.121841373002579161e+02
1.129149629031400792e+02
1.237674597964346361e+02
1.388729686325673356e+02
1.297163102341799004e+02
1.216814194212817881e+02
1.273447305728566619e+02
1.134289417907322672e+02
1.288039500604155307e+02
1.185943540669397294e+02
1.139478875463475447e+02
1.236311603755143125e+02
1.221653496504856520e+02
1.094360813706917384e+02
1.138113313551419310e+02
1.258515333774078613e+02
1.121506758610867962e+02
1.212017955904959194e+02
1.104434527911474788e+02
1.196734461524172133e+02
1.245883127302007836e+02
1.285225639457882778e+02
1.240902288969991787e+02
1.361607241311241410e+02
1.176811384271538543e+02
1.145567643356512519e+02
1.054593223414106262e+02
1.061958658741635020e+02
1.152167859196750328e+02
1.253690864450682199e+02
1.060215303853100579e+02
1.222406458857667531e+02
1.122611418626417645e+02
1.233059643722809966e+02
1.040536536141709263e+02
1.051364307885246490e+02
1.204796728102088963e+02
1.199630767735675789e+02
1.091099959617063746e+02
9.162350100622437310e+01
1.209755084111245367e+02
1.124101297170992666e+02
1.061110279646630516e+02
1.070743532395205051e+02
9.981666011938817462e+01
9.697918257655322805e+01
9.953985984682606158e+01
1.099090710620570235e+02
9.947874105993820137e+01
9.526811956547287252e+01
9.181884065393559524e+01
9.888413731711636956e+01
9.576441954905247655e+01
1.109997841115784354e+02
9.875661630149507175e+01
1.030842823453524630e+02
7.349043935065358824e+01
6.880062047572555173e+01
9.124938913134462837e+01
8.003932521089510033e+01
8.772962283580397980e+01
1.125987781469283959e+02
8.771739350305762173e+01
9.883303056083124716e+01
7.588444185349925419e+01
9.179795310624878368e+01
8.926064602367031853e+01
9.074636410145973286e+01
9.332370681013387070e+01
9.699327410048627485e+01
6.953949228989644382e+01
8.481003847394090656e+01
1.038751780934530871e+02
9.492229229131574186e+01
7.301138807023173172e+01
9.245406870050027237e+01
8.083714679629207467e+01
7.826328677889901542e+01
8.130614184733823890e+01
8.183682813439212111e+01
7.061692618688782375e+01
8.621507339735501319e+01
7.745622571571735193e+01
5.896179860388808436e+01
9.349719043258461681e+01
8.276312330146323859e+01
7.479365271488396161e+01
8.528724895480355883e+01
7.530372311744437752e+01
7.757974306967108191e+01
6.219159226985429711e+01
8.591764337165649579e+01
6.935839863555199258e+01
8.659306025393836137e+01
9.453955958888093392e+01
9.044689788632337013e+01
6.341984024321033075e+01
7.075768032399754759e+01
6.965502724005186508e+01
9.243701829168290374e+01
8.547640390438830593e+01
7.601900451180121365e+01
8.645482054091029056e+01
9.327375080799465934e+01
7.890575639061283653e+01
9.125417537589871131e+01
9.126182712673160324e+01
8.835534507674222482e+01
9.886044477714617074e+01
9.196281256741337984e+01
1.000612505642423855e+02
1.026743196805876437e+02
1.009803978009812653e+02
1.018506845803518956e+02
9.791074032355399481e+01
1.042314593779900349e+02
8.813765173261101893e+01
8.423108696631412329e+01
1.028772314098371368e+02
1.086938003911899244e+02
1.054149789559288592e+02
1.053459933617118054e+02
1.188195148716058185e+02
1.082965175219682834e+02
9.982872016600192921e+01
1.219339429534510515e+02
1.037351865221714604e+02
1.049683928228787977e+02
1.076160320212461983e+02
1.144455199906926453e+02
1.016392521753739828e+02
1.165913908943419983e+02
1.171509271432606738e+02
1.131263613529702354e+02
1.124997872327852235e+02
1.306239214543525122e+02
1.169426626891675625e+02
1.190759437939027237e+02
1.296392922559986118e+02
1.368301974214458880e+02
1.216092376224224552e+02
1.160322541526150815e+02
1.227892721016512212e+02
1.265281424826731040e+02
1.168995947400152602e+02
1.311150351444383944e+02
1.033461131099966082e+02
1.171492990684000546e+02
1.063342072951985244e+02
1.037236610230538787e+02
1.098625810069555513e+02
1.084533533490457415e+02
1.260326178098030709e+02
1.333286365724421785e+02
1.277221253112166295e+02
1.195517483893917614e+02
1.133651336010086936e+02
1.200595024805128332e+02
1.242893424936957558e+02
1.278180280733137693e+02
1.150099376295628133e+02
1.231733830403062342e+02
1.139617593734979124e+02
1.228088416918876078e+02
1.056259060226161068e+02
1.245918128253242116e+02
1.003491416046380778e+02
1.114013774730580764e+02
1.104905807992792717e+02
9.243254999034681418e+01
1.107306154765298629e+02
1.233588506867576768e+02
1.083327724998967199e+02
1.218129092028576679e+02
9.075450200569895287e+01
9.912969846761939152e+01
1.069821612501921919e+02
1.108235665913017272e+02
9.764853646862327707e+01
1.038256970858226111e+02
9.870004051196612238e+01
9.047324797321705603e+01
8.171212625018985420e+01
1.026852099513663745e+02
9.272723243465556209e+01
9.959020939916911175e+01
9.579159062604625774e+01
9.458836988451196248e+01
9.424100836414488924e+01
9.334040762048559259e+01
9.336518834432433778e+01
1.072838973618381715e+02
9.198690587161098620e+01
8.050757291539660798e+01
9.917126697191612550e+01
9.221372276502748377e+01
8.653400082673201155e+01
8.588024472232908124e+01
6.682092417478995117e+01
7.433027310041498481e+01
7.865239825179020272e+01
7.450764380223975536e+01
7.560852884539799845e+01
8.210352891881575488e+01
7.700542114084424838e+01
8.163663799010276989e+01
6.620123093292724548e+01
8.248617538394476867e+01
6.819373491708775248e+01
7.389002768296612089e+01
8.342942811629197308e+01
8.067889181750895489e+01
6.442798869231293679e+01
8.579310616163189707e+01
8.833088771252039351e+01
6.506504670942419466e+01
7.339779360280226683e+01
7.680684762561422474e+01
8.613784692877237603e+01
9.807693976306597961e+01
6.358526523476520254e+01
9.111653133167061469e+01
9.174170718586523776e+01
7.902908142787737233e+01
9.177058294550158735e+01
9.408058022166301271e+01
7.209698976414338745e+01
7.800680741809485141e+01
8.856080513962601231e+01
9.893088626497493010e+01
9.397956217449750227e+01
7.432988155123767626e+01
9.620723970202932662e+01
6.796049901342948374e+01
8.880215974299969162e+01
7.936704294696014017e+01
9.999971626141918080e+01
1.150477426840243140e+02
1.064291180866273123e+02
8.827104950630925373e+01
1.027028951223422837e+02
7.897257081173391668e+01
1.031145377061351809e+02
1.022825579405872389e+02
9.796165418263142044e+01
9.447612490209084513e+01
1.025137166881933410e+02
1.247155070028377679e+02
9.120788014199393956e+01
8.152448747605934898e+01
9.976858269097191112e+01
9.745565507095788860e+01
9.775469996169209708e+01
1.039311292704450267e+02
9.504264449580384166e+01
1.103094019101128822e+02
1.172069316793197089e+02
1.073570849643866865e+02
1.103453036253930719e+02
1.094864601646379612e+02
1.069136409471019391e+02
1.073721217947264961e+02
1.203164932553485755e+02
1.197151725199522474e+02
1.117273734729547670e+02
1.153174740573925163e+02
1.198775280971941299e+02
1.160690737599283864e+02
1.115013147223362040e+02
1.011345216305665105e+02
1.202335886641887015e+02
1.339048484718658472e+02
1.114748071328790218e+02
1.144906783724422041e+02
1.106905210194762361e+02
1.203301555025584832e+02
1.165938549148044956e+02
1.166989958817362663e+02
1.160424187493417492e+02
1.224655251107724325e+02
1.122038120929692013e+02
1.195040096093668183e+02
1.230789038158151953e+02
1.191855476638251901e+02
1.245722662313396683e+02
1.166326431482216321e+02
1.215579368317533806e+02
1.339163696867414615e+02
1.286649180344893750e+02
1.217108662602966547e+02
1.267663182782879971e+02
1.188723217139690007e+02
1.304669447758589627e+02
1.013884751011936771e+02
1.136193181783915378e+02
1.127223524587599144e+02
1.345593503722927551e+02
9.942891884861801088e+01
1.056057301227000664e+02
1.048985204716770312e+02
8.000227337089863511e+01
1.245788775981316405e+02
1.121400676839544417e+02
1.245405321151202429e+02
1.069794118545332537e+02
1.027806688879744144e+02
1.101914835360760350e+02
1.154227824732048902e+02
1.037173945478942301e+02
1.026741858907841305e+02
1.145249441971855902e+02
8.549881720596411583e+01
9.174584204295916834e+01
9.683749859711974750e+01
1.046087138486433901e+02
8.487856527183855349e+01
1.125414852034283939e+02
1.122403788505380504e+02
1.012680864849987046e+02
8.203972059419498919e+01
8.624745015681254756e+01
8.899300821624092350e+01
8.112792571060157343e+01
9.052100120052683963e+01
8.172282783930792505e+01
7.659347363049479895e+01
7.732451612242013539e+01
9.947501000650075298e+01
8.544443433945951938e+01
9.174006996321118379e+01
8.917546266443142144e+01
7.991313405930743841e+01
9.413383482145020764e+01
9.018842916207596261e+01
8.359169181398806359e+01
6.236382940738523928e+01
8.153668416067739599e+01
7.291625528391836042e+01
8.249558947540015197e+01
7.064769751132715214e+01
7.484153764050878976e+01
5.404423457487553861e+01
8.975376321994063744e+01
9.216509233268152457e+01
6.619684905754759541e+01
9.056116549412597294e+01
9.547261141608888124e+01
7.706384242275767349e+01
9.655404164268239242e+01
8.491428988076081907e+01
6.872820313266103653e+01
8.596100202453111194e+01
7.030362494743387458e+01
8.114730283803325506e+01
6.834430908229860790e+01
8.733942671538059699e+01
9.791531152389374881e+01
7.898837147427838090e+01
8.116029988891729374e+01
8.147247078601087367e+01
8.330432379150167321e+01
9.211716395763988885e+01
8.704008161982245895e+01
9.496886545634416166e+01
8.369089285787866572e+01
9.995589438676643113e+01
9.231724411683777021e+01
1.040604731576172810e+02
9.174153685462448493e+01
8.694080864431288092e+01
9.031968070460685283e+01
1.020214877197107768e+02
9.766882890502961345e+01
1.109374970238717282e+02
1.003299857894370035e+02
1.030808791474700286e+02
1.106371831787449764e+02
9.786572797410748592e+01
1.163976456771081445e+02
9.624243987799037825e+01
1.174326703043143425e+02
1.193523926264460755e+02
9.812979645075077428e+01
9.567819383297153024e+01
1.081977643174492414e+02
9.841847470204662329e+01
1.085380094759273248e+02
9.861024098284885042e+01
1.241277561437248096e+02
1.101450527485627049e+02
1.167130931408517114e+02
1.083163550657916119e+02
1.190055160611043732e+02
9.648274411108056370e+01
1.218461550767371762e+02
9.150909496742556826e+01
1.238196881071011433e+02
9.913068959054128015e+01
1.287906688811366962e+02
1.287958209493835398e+02
1.035659955972491701e+02
1.224322107920268934e+02
1.307458222590956325e+02
1.055493743500069286e+02
1.253569580508719525e+02
1.068496640031774376e+02
1.086692492066660378e+02
1.350370440870040909e+02
1.195969988745785599e+02
1.126932133414060360e+02
1.257134957602517886e+02
1.144240118166604674e+02
1.126762673091837428e+02
1.218671157227299773e+02
1.157115391111392455e+02
1.150632476715627490e+02
1.092186459798419662e+02
1.243597101661124498e+02
1.339760852405059381e+02
1.105393163524223468e+02
1.048944659986317731e+02
1.233007628792112484e+02
1.133746840466897225e+02
1.347414705703604625e+02
1.284397596306152991e+02
1.139244196704509875e+02
1.191056606937554250e+02
1.212875452870112554e+02
1.025847304966718525e+02
1.050114331437089277e+02
1.125845285918562411e+02
9.988273587354912308e+01
1.216904344151746358e+02
1.343647410491490177e+02
9.598385181118835874e+01
9.196927818390045672e+01
1.190296623431492833e+02
1.014642661095110014e+02
9.319019359123278434e+01
1.240931325712154774e+02
1.008979917783860429e+02
1.029402260469288990e+02
1.120183849034767860e+02
1.186516610327251016e+02
1.010043974703191196e+02
1.019709717057268534e+02
1.132014403156508706e+02
8.190125211854510212e+01
1.084763016259822734e+02
8.652225465407886418e+01
9.687766053162269486e+01
1.026799771151648173e+02
7.516741203409100081e+01
9.017335847497786006e+01
9.374051712967249728e+01
7.933267626406561135e+01
7.258457770100267226e+01
8.101680308262208996e+01
1.089455823969522612e+02
7.846521462269994629e+01
7.682714649976506394e+01
8.599215303208382011e+01
9.267845309335599779e+01
9.055720764598639505e+01
8.011813893709771150e+01
1.056407635258072446e+02
7.799824322072124971e+01
6.337990176961167066e+01
7.921017326873111131e+01
7.603187809044192136e+01
7.725144939281972256e+01
9.321764935628546311e+01
7.659038526718182993e+01
8.056816246549615812e+01
8.708233631085479942e+01
8.983882132363595474e+01
7.082389960537513218e+01
7.413503752171021688e+01
9.121336778919462063e+01
7.018331423579725481e+01
7.273903971501259491e+01
7.393210375529147882e+01
8.961180378295230753e+01
9.603954587252538033e+01
6.724476212616627890e+01
7.379065392351819241e+01
9.041589857849086798e+01
8.702230360375733653e+01
7.515726523292401851e+01
8.691549742290747815e+01
7.446545450016671452e+01
8.057663975619422558e+01
8.847807305570864855e+01
8.425538651246516508e+01
9.342141708487514506e+01
9.452959343102843093e+01
8.396236764127448282e+01
7.745137568967582808e+01
8.762082546895955204e+01
9.769582692818838154e+01
9.830053998502923207e+01
8.628697714445932831e+01
8.321584949589193059e+01
8.635418908606921207e+01
1.152296935187708726e+02
9.016726781406072178e+01
1.089576057297471294e+02
9.466021973003871892e+01
1.088118506104063670e+02
9.509323223502795486e+01
1.059419206257585699e+02
1.103013305537501054e+02
1.059518565298912876e+02
1.086077922867977605e+02
9.328189318223530790e+01
8.940681812238825898e+01
7.636260485123069941e+01
1.049708210292551200e+02
9.695269376793734750e+01
1.258313288871455171e+02
9.784518189399813082e+01
1.158519171844668421e+02
1.181614953044521599e+02
9.187572912144999293e+01
1.074481673679418918e+02
1.220888315930523618e+02
1.086026351410425832e+02
1.180286050535294464e+02
1.285783631937362372e+02
1.031041211981574435e+02
1.135140681268948413e+02
1.316165585433906813e+02
1.149392568746832666e+02
1.188194106103307490e+02
1.068002182755304261e+02
1.023485258774826718e+02
9.962736283995499775e+01
1.259227271188223654e+02
1.243299906371897805e+02
1.202459979465696449e+02
1.096481662347147648e+02
1.233094052352170706e+02
1.455850254668927448e+02
1.168003336071239318e+02
1.286099279270212890e+02
1.171796486161115354e+02
1.275987017505259473e+02
1.205684241588043619e+02
1.049331869185497794e+02
1.272455719836497678e+02
1.253528949748148733e+02
1.253706900513433027e+02
1.134730492707188034e+02
9.857250498736780742e+01
1.184558437127403181e+02
9.716681729786321853e+01
1.123958568920166528e+02
1.042284752664512126e+02
1.137156153752068235e+02
1.011934333772865529e+02
1.018390348558391452e+02
1.090521819693647387e+02
9.107405417661421154e+01
1.114291205220903294e+02
9.696451014147139347e+01
9.724086835828290987e+01
1.236388968861643605e+02
1.132041638885269919e+02
1.070059519324674540e+02
9.823835731421279149e+01
1.204876094556113628e+02
1.196930878657526875e+02
1.135424472402625042e+02
1.192762046646708569e+02
1.049761629584071017e+02
8.053448391259638584e+01
1.133154639584903265e+02
1.072810484721052404e+02
1.106651125653230849e+02
9.851633045781997566e+01
1.025729859162354387e+02
9.861575048260601761e+01
1.122837700463219193e+02
1.089086832705139898e+02
7.058383295813537472e+01
8.671047539964159512e+01
9.906872616411929755e+01
8.951982473531526807e+01
9.004815176012800748e+01
8.629989807948506098e+01
9.006763190966064769e+01
9.511044363807782531e+01
8.627249039453381840e+01
9.181348006855122890e+01
8.392026077723049582e+01
8.163642605717302558e+01
7.819887562167838269e+01
9.016005634517608769e+01
8.183113001425898858e+01
8.612946876346734371e+01
6.952072124919840235e+01
7.758226049013245529e+01
8.616303803682498597e+01
9.329919087866883842e+01
9.552316173944115008e+01
6.565215996351972194e+01
9.144889170141723866e+01
7.921616127286691267e+01
6.711682645275317327e+01
5.640576803505257431e+01
8.999184735873416230e+01
8.443460089442429251e+01
7.053852764945146703e+01
7.277115464724977301e+01
6.623367048471450858e+01
8.652942421276048890e+01
9.179642816877873202e+01
6.503944931827699349e+01
7.368793064494349210e+01
6.794031412866605990e+01
7.479879986591870988e+01
6.936678977085425402e+01
7.477857106619723027e+01
8.518811427922074131e+01
9.180969582900192449e+01
8.763109319255811158e+01
1.015671660560182659e+02
8.921153899765273820e+01
9.121401994427183979e+01
8.580759633497808636e+01
8.896487767086594545e+01
8.705505478139336617e+01
9.528462393692731780e+01
1.025158668079585595e+02
8.990868689829827076e+01
9.584056727913898044e+01
1.057814276158058391e+02
1.037910176857363211e+02
1.061446748252491261e+02
8.841755354960903901e+01
1.039844960091296997e+02
1.049026148976909383e+02
1.055583204909663948e+02
9.334191377794508071e+01
1.088647100869868325e+02
1.098930368170901914e+02
1.021922801207410316e+02
9.397714075500439890e+01
1.165842980286935529e+02
1.175530957397897396e+02
1.069122897695541354e+02
9.755138058174519244e+01
1.013646367225042866e+02
1.165072239491494628e+02
1.079586444960600318e+02
1.017105714744287752e+02
1.054633945659185201e+02
1.136997437626343697e+02
1.038899691076135952e+02
1.221911119303160405e+02
1.043066777391020850e+02
1.050927587884800971e+02
1.001187626808352320e+02
1.033163957228736933e+02
1.062707050557308435e+02
1.232146132143244301e+02
1.073161521893582631e+02
1.250620390645872391e+02
1.356138642306317479e+02
1.122517913942179035e+02
1.046627058548365596e+02
1.204025317238918262e+02
1.018653626049002554e+02
1.221867997620254727e+02
1.222880789160416839e+02
1.211345859379307797e+02
1.292257814876923305e+02
1.081871755732092026e+02
1.187401664934986911e+02
1.195859388135214516e+02
1.058091142196955161e+02
1.259483715752638062e+02
1.258389113840804754e+02
1.011917057994747893e+02
1.319727457881698456e+02
1.231849063429428668e+02
1.176571663916014643e+02
1.026108702271188235e+02
1.159965603204825015e+02
1.031406350021069898e+02
1.171110265580312699e+02
1.016549163893939465e+02
1.236878137023585396e+02
9.701134616793186183e+01
1.179069805033762179e+02
1.271546268722613604e+02
1.085772467736720444e+02
1.073785307207265873e+02
1.274181991191204446e+02
1.036808386695468442e+02
1.096984304661673804e+02
1.004129727261909153e+02
1.046841355010890169e+02
9.060543094126479957e+01
1.010897829620453194e+02
9.729017982640367279e+01
9.289247554551873520e+01
9.533781241131107720e+01
8.644474652243756907e+01
8.397167080425174390e+01
1.013979477066749411e+02
1.154372893410062773e+02
1.164224123781393985e+02
7.898883663278282086e+01
7.797195910067820535e+01
7.607900637731738414e+01
8.602163494872485217e+01
1.058631188359849489e+02
1.029875796613183923e+02
9.529785105284055646e+01
1.031514252411296297e+02
8.357412015536435490e+01
1.140981514515232789e+02
8.686176935764470386e+01
6.241378424054217078e+01
8.480227714160189123e+01
8.046802270212502606e+01
7.000662514692712080e+01
8.258432137949841945e+01
7.726037377838638065e+01
8.087048461234005003e+01
8.796423130424042824e+01
8.961938142941926344e+01
9.461146967398263996e+01
7.327002683121648374e+01
7.351410321713734675e+01
7.000494387945015262e+01
9.341468192790426883e+01
7.095306070848539548e+01
6.122518026809653691e+01
8.907326901059104785e+01
9.348275397756060556e+01
8.807959153310763156e+01
7.289382767159095522e+01
6.750069457069751877e+01
6.210765097271038115e+01
9.339024692308166209e+01
1.002077825779018667e+02
9.042430196662310493e+01
8.147138589124296004e+01
7.711886411653097184e+01
8.188532995986184915e+01
8.220653165390797312e+01
8.643497753888564716e+01
9.332580544115356247e+01
8.151982865092129771e+01
8.287981683681607592e+01
8.715558335578498372e+01
9.104756742004278181e+01
7.437159758585907809e+01
7.605075224279519830e+01
7.262901928582307676e+01
8.360128248632702253e+01
9.985891044559431862e+01
8.775931156561395596e+01
7.741097855374111703e+01
9.318694570395635424e+01
7.954322310668835883e+01
8.626065600655090293e+01
8.798417465921248493e+01
1.019007651755428014e+02
9.751193529174716446e+01
8.611589323422342090e+01
1.001591967432555776e+02
9.747723768711271930e+01
1.141003407256427948e+02
9.555148425224878395e+01
1.136548400172509616e+02
9.612485827609435773e+01
1.093672408300262759e+02
9.829782635007177305e+01
1.122381041805502662e+02
1.102949158011278428e+02
1.201809236945959753e+02
1.031755980049952655e+02
1.053805754377620190e+02
1.124569167484662415e+02
1.080946233828360761e+02
1.005075719121340398e+02
1.099536854439181752e+02
9.896312106104250006e+01
1.084932128807508747e+02
1.321809415745398155e+02
1.219705833683858316e+02
1.395032986697335957e+02
1.305050837171130240e+02
1.080585057288065229e+02
1.283407230009614750e+02
1.234273713966256025e+02
1.136311006045791032e+02
1.159269354231113169e+02
9.977301138918323886e+01
1.359069369306186275e+02
1.178411357896515312e+02
1.420760453200337281e+02
1.299105718566555652e+02
1.192219596327750821e+02
1.274127748617512026e+02
1.229249227012500967e+02
1.071621071423706724e+02
1.250278460967823690e+02
1.322208245347149216e+02
1.148599640069709551e+02
1.252501111536287937e+02
1.211467704305623840e+02
1.143419196633301880e+02
1.175948740285021756e+02
1.204424205113628972e+02
1.372937106379048373e+02
1.163173145578860641e+02
1.033683167206574183e+02
1.099652999840030247e+02
1.147370173785334373e+02
1.086277669663376457e+02
1.125098102848599666e+02
1.142252433740206641e+02
1.094125735514173243e+02
1.065876008338581613e+02
1.209626864032827598e+02
1.072852275116067204e+02
1.197048787299245305e+02
9.403750904912823216e+01
1.128478079611303571e+02
1.116136459102560963e+02
1.127049486052108733e+02
1.070053741283823285e+02
1.051840421789561759e+02
1.026472571544607888e+02
9.431074106997797912e+01
9.814030358983802671e+01
6.516686537284240899e+01
8.888654288857927099e+01
1.137244797815056074e+02
9.708936666648348535e+01
1.042764235307865874e+02
8.037053491111802828e+01
1.040504073230761151e+02
8.572673744602546719e+01
1.069299151519151110e+02
9.325269059365669477e+01
9.587333055025621320e+01
8.134663106943561672e+01
7.789556773004557044e+01
9.111072422889647271e+01
8.610686844354731306e+01
9.879449963291092729e+01
6.204228351506765904e+01
8.746005112831274175e+01
8.953130841854188304e+01
6.236879632679465857e+01
7.951965198655982192e+01
7.981488961175008967e+01
8.477023030278499505e+01
8.807362219322986618e+01
6.636455941713759898e+01
8.401855108607853140e+01
6.116959593360202518e+01
9.355318511036560380e+01
7.798184961382170854e+01
7.583684723426981122e+01
1.007909551512433666e+02
8.285879807487921767e+01
7.487475461273788824e+01
7.643854844558225636e+01
6.556938998857529555e+01
8.866496483148769414e+01
7.582472699603589206e+01
7.003384483818672379e+01
7.477480189713416792e+01
1.014441291550405424e+02
5.114306488106660709e+01
8.397562384154883830e+01
7.330716868240540407e+01
8.454106180478724752e+01
6.856981760848445617e+01
8.130002754035393764e+01
7.855353843073939402e+01
8.420226128077231920e+01
8.737553459343551765e+01
8.856374112940881105e+01
8.575457670809527144e+01
8.990565341799813837e+01
8.638422374584980901e+01
9.984708315612242302e+01
8.822320639058965241e+01
9.695622281398335929e+01
1.009067616945499282e+02
8.600885524879913646e+01
8.549714365516034320e+01
9.560449107452009798e+01
1.030746586454966263e+02
7.492128867973346473e+01
9.956368599766426541e+01
1.035815106400308423e+02
1.004278970509354281e+02
9.532000156482868647e+01
9.871124676870763892e+01
1.132505308497741368e+02
1.071769826398826382e+02
8.287128179490353830e+01
1.140543062918806072e+02
9.433659793815030525e+01
1.146206031788224209e+02
1.207381533291917890e+02
1.207349989487333062e+02
8.740465587637076794e+01
9.560117858108722544e+01
1.260047195947961711e+02
1.183113158445530075e+02
1.188569284537186377e+02
1.011100839969189877e+02
1.174034656742151697e+02
1.114687781213843039e+02
9.264335986436603321e+01
1.087050277188985206e+02
1.030019466617214619e+02
1.279264468439809690e+02
1.328607031283679021e+02
1.086233381808807792e+02
1.069622353107932895e+02
1.123452519392679392e+02
1.286836674583239528e+02
1.044985215334105959e+02
1.122649419219100082e+02
1.167515615280091339e+02
1.240752351030165812e+02
1.296703676901112772e+02
1.307511182052049605e+02
1.174826835589472296e+02
1.299697669808850264e+02
1.151754127053189052e+02
1.156882485380253627e+02
1.088807729793440302e+02
1.233857757732821483e+02
1.152599372074511450e+02
1.251639926009808050e+02
1.306632500087285109e+02
1.296098116679905274e+02
1.175429316276212575e+02
1.047257643769931406e+02
1.182719958301145908e+02
1.227334936892634403e+02
1.197963375949241538e+02
1.287026026631104116e+02
1.067884213045334576e+02
1.134312168099016134e+02
1.237396897346019529e+02
8.349778052440301224e+01
1.327465148203936280e+02
1.167715404756011566e+02
1.135476566976390274e+02
1.068182831123097287e+02
1.246300542403650127e+02
1.096978045072544177e+02
1.025803942180633896e+02
1.080518143254419527e+02
1.205048624251000433e+02
1.173158118220473369e+02
1.181214093649401065e+02
9.057113089633864433e+01
9.377849058686292949e+01
9.198424056059502618e+01
1.110743220897514760e+02
8.720021626728063779e+01
9.356255260630757675e+01
8.000783915932231594e+01
8.689701088136874318e+01
1.013556599280961876e+02
8.274105039519936611e+01
1.046709974343485356e+02
8.774611443730189819e+01
9.831314360700370969e+01
9.730862971116218318e+01
7.724570394771930637e+01
7.340583567208736326e+01
8.826835260024645891e+01
9.353884249232046955e+01
7.833692251085527403e+01
8.877257115545160104e+01
6.157550238978789992e+01
9.560491282439393501e+01
7.709773610061878912e+01
9.719095667320591758e+01
7.959351456590277962e+01
8.876460900275563404e+01
8.044352926195850273e+01
8.510823503202728091e+01
8.095171407648138029e+01
7.942228014246478551e+01
7.003709958170728100e+01
7.225308476446312511e+01
8.111017542623912391e+01
8.593366875815740968e+01
8.145141183363109860e+01
7.777314216471403086e+01
7.259578930017610787e+01
6.277394634146878616e+01
7.426330194209823787e+01
9.517292167690536075e+01
8.574690882343642784e+01
8.854159552715562143e+01
8.769359894884935613e+01
9.137660062681675299e+01
7.791238478890900865e+01
9.167250049515773469e+01
8.544298861196729433e+01
6.398482887137993913e+01
9.221672158293831956e+01
6.972031037870408454e+01
7.449110628754769436e+01
8.936533761226699824e+01
7.853435794012743543e+01
8.930952126458875284e+01
8.434092058692395710e+01
7.931084208859196849e+01
7.623816729630486577e+01
9.074851401132110595e+01
8.772753492872598713e+01
7.967001622672698602e+01
7.250074928696101040e+01
8.921859789018739662e+01
8.857552480545876961e+01
1.011078267456588833e+02
1.186703983971251972e+02
8.732133421541578855e+01
8.352355322667571613e+01
8.948844515144411105e+01
1.045265319240394746e+02
